<?xml version="1.0" encoding="utf-8"?>
<COLLADA xmlns="http://www.collada.org/2005/11/COLLADASchema" version="1.4.1">
  <asset><contributor><author>Mixamo</author><authoring_tool>COLLADA Mixamo exporter</authoring_tool><comments></comments></contributor><created>2019-05-29T02:33:39Z</created><modified>2019-05-29T02:33:39Z</modified><revision></revision><title></title><unit meter="0.010000"/><up_axis>Y_UP</up_axis></asset>
  <library_animations>
    <animation id="mixamorig_Hips-anim" name="mixamorig_Hips"><source id="mixamorig_Hips-Matrix-animation-input"><float_array id="mixamorig_Hips-Matrix-animation-input-array" count="251">

0.000000 0.033333 0.066667 0.100000 0.133333 0.166667 0.200000 0.233333 0.266667 0.300000 0.333333 0.366667 0.400000 0.433333 0.466667 0.500000
0.533333 0.566667 0.600000 0.633333 0.666667 0.700000 0.733333 0.766667 0.800000 0.833333 0.866667 0.900000 0.933333 0.966667 1.000000 1.033333
1.066667 1.100000 1.133333 1.166667 1.200000 1.233333 1.266667 1.300000 1.333333 1.366667 1.400000 1.433333 1.466667 1.500000 1.533333 1.566667
1.600000 1.633333 1.666667 1.700000 1.733333 1.766667 1.800000 1.833333 1.866667 1.900000 1.933333 1.966667 2.000000 2.033333 2.066667 2.100000
2.133333 2.166667 2.200000 2.233333 2.266667 2.300000 2.333333 2.366667 2.400000 2.433333 2.466667 2.500000 2.533333 2.566667 2.600000 2.633333
2.666667 2.700000 2.733333 2.766667 2.800000 2.833333 2.866667 2.900000 2.933333 2.966667 3.000000 3.033333 3.066667 3.100000 3.133333 3.166667
3.200000 3.233333 3.266667 3.300000 3.333333 3.366667 3.400000 3.433333 3.466667 3.500000 3.533333 3.566667 3.600000 3.633333 3.666667 3.700000
3.733333 3.766667 3.800000 3.833333 3.866667 3.900000 3.933333 3.966667 4.000000 4.033333 4.066667 4.100000 4.133333 4.166667 4.200000 4.233333
4.266667 4.300000 4.333333 4.366667 4.400000 4.433333 4.466667 4.500000 4.533333 4.566667 4.600000 4.633333 4.666667 4.700000 4.733333 4.766667
4.800000 4.833333 4.866667 4.900000 4.933333 4.966667 5.000000 5.033333 5.066667 5.100000 5.133333 5.166667 5.200000 5.233333 5.266667 5.300000
5.333333 5.366667 5.400000 5.433333 5.466667 5.500000 5.533333 5.566667 5.600000 5.633333 5.666667 5.700000 5.733333 5.766667 5.800000 5.833333
5.866667 5.900000 5.933333 5.966667 6.000000 6.033333 6.066667 6.100000 6.133333 6.166667 6.200000 6.233333 6.266667 6.300000 6.333333 6.366667
6.400000 6.433333 6.466667 6.500000 6.533333 6.566667 6.600000 6.633333 6.666667 6.700000 6.733333 6.766667 6.800000 6.833333 6.866667 6.900000
6.933333 6.966667 7.000000 7.033333 7.066667 7.100000 7.133333 7.166667 7.200000 7.233333 7.266667 7.300000 7.333333 7.366667 7.400000 7.433333
7.466667 7.500000 7.533333 7.566667 7.600000 7.633333 7.666667 7.700000 7.733333 7.766667 7.800000 7.833333 7.866667 7.900000 7.933333 7.966667
8.000000 8.033333 8.066667 8.100000 8.133333 8.166667 8.200000 8.233333 8.266667 8.300000 8.333333</float_array><technique_common><accessor source="#mixamorig_Hips-Matrix-animation-input-array" count="251"><param name="TIME" type="float"/></accessor></technique_common></source><source id="mixamorig_Hips-Matrix-animation-output-transform"><float_array id="mixamorig_Hips-Matrix-animation-output-transform-array" count="4016">

0.993979 0.060930 -0.091066 0.261668 -0.055103 0.996350 0.065192 98.996239 0.094706 -0.059781 0.993709 -0.126361 0.000000 0.000000 0.000000 1.000000
0.993981 0.060932 -0.091046 0.262549 -0.055135 0.996369 0.064883 98.997070 0.094669 -0.059472 0.993731 -0.124433 0.000000 0.000000 0.000000 1.000000
0.993967 0.060930 -0.091199 0.263628 -0.055146 0.996383 0.064655 98.998772 0.094809 -0.059236 0.993732 -0.119163 0.000000 0.000000 0.000000 1.000000
0.993948 0.060906 -0.091419 0.265319 -0.055125 0.996395 0.064482 99.000847 0.095016 -0.059052 0.993723 -0.111522 0.000000 0.000000 0.000000 1.000000
0.993916 0.060913 -0.091769 0.267065 -0.055120 0.996401 0.064392 99.003502 0.095361 -0.058942 0.993696 -0.102636 0.000000 0.000000 0.000000 1.000000
0.993860 0.060956 -0.092344 0.268473 -0.055133 0.996403 0.064351 99.006599 0.095935 -0.058864 0.993646 -0.093330 0.000000 0.000000 0.000000 1.000000
0.993788 0.060999 -0.093088 0.269825 -0.055140 0.996408 0.064270 99.009483 0.096674 -0.058738 0.993581 -0.084262 0.000000 0.000000 0.000000 1.000000
0.993714 0.061040 -0.093846 0.271254 -0.055147 0.996415 0.064155 99.010719 0.097426 -0.058577 0.993518 -0.075678 0.000000 0.000000 0.000000 1.000000
0.993641 0.061104 -0.094569 0.272492 -0.055174 0.996417 0.064099 99.010529 0.098147 -0.058473 0.993453 -0.067240 0.000000 0.000000 0.000000 1.000000
0.993565 0.061208 -0.095299 0.273798 -0.055235 0.996414 0.064099 99.011444 0.098881 -0.058423 0.993383 -0.058345 0.000000 0.000000 0.000000 1.000000
0.993487 0.061341 -0.096027 0.275774 -0.055334 0.996414 0.064018 99.014923 0.099609 -0.058288 0.993318 -0.049032 0.000000 0.000000 0.000000 1.000000
0.993411 0.061457 -0.096732 0.278189 -0.055433 0.996423 0.063779 99.019012 0.100306 -0.057997 0.993265 -0.039853 0.000000 0.000000 0.000000 1.000000
0.993341 0.061525 -0.097407 0.280030 -0.055494 0.996440 0.063466 99.020508 0.100965 -0.057638 0.993219 -0.031202 0.000000 0.000000 0.000000 1.000000
0.993278 0.061588 -0.098007 0.280839 -0.055550 0.996454 0.063193 99.019768 0.101552 -0.057323 0.993177 -0.023140 0.000000 0.000000 0.000000 1.000000
0.993221 0.061699 -0.098519 0.280141 -0.055651 0.996461 0.063001 99.018600 0.102057 -0.057091 0.993139 -0.015516 0.000000 0.000000 0.000000 1.000000
0.993162 0.061877 -0.098994 0.276969 -0.055817 0.996460 0.062862 99.018097 0.102533 -0.056906 0.993101 -0.008512 0.000000 0.000000 0.000000 1.000000
0.993109 0.062084 -0.099400 0.270943 -0.056021 0.996460 0.062675 99.017250 0.102940 -0.056675 0.993072 -0.002445 0.000000 0.000000 0.000000 1.000000
0.993075 0.062253 -0.099635 0.263172 -0.056210 0.996470 0.062352 99.015480 0.103165 -0.056320 0.993069 0.003402 0.000000 0.000000 0.000000 1.000000
0.993059 0.062363 -0.099721 0.255191 -0.056359 0.996488 0.061935 99.013718 0.103233 -0.055885 0.993086 0.010409 0.000000 0.000000 0.000000 1.000000
0.993045 0.062466 -0.099796 0.247512 -0.056497 0.996503 0.061558 99.013260 0.103293 -0.055492 0.993102 0.018729 0.000000 0.000000 0.000000 1.000000
0.993028 0.062590 -0.099892 0.239336 -0.056645 0.996512 0.061281 99.014076 0.103379 -0.055195 0.993109 0.027452 0.000000 0.000000 0.000000 1.000000
0.993021 0.062689 -0.099896 0.229835 -0.056774 0.996522 0.060996 99.015129 0.103372 -0.054899 0.993127 0.036838 0.000000 0.000000 0.000000 1.000000
0.993031 0.062711 -0.099780 0.219279 -0.056848 0.996545 0.060556 99.015396 0.103233 -0.054462 0.993165 0.048031 0.000000 0.000000 0.000000 1.000000
0.993039 0.062686 -0.099721 0.208893 -0.056884 0.996576 0.060000 99.015244 0.103140 -0.053910 0.993205 0.061818 0.000000 0.000000 0.000000 1.000000
0.993027 0.062677 -0.099849 0.199558 -0.056918 0.996603 0.059520 99.016876 0.103240 -0.053422 0.993221 0.078722 0.000000 0.000000 0.000000 1.000000
0.993009 0.062627 -0.100052 0.191134 -0.056889 0.996623 0.059208 99.020309 0.103422 -0.053103 0.993219 0.098622 0.000000 0.000000 0.000000 1.000000
0.993007 0.062474 -0.100166 0.183408 -0.056749 0.996642 0.059022 99.023926 0.103517 -0.052925 0.993219 0.120228 0.000000 0.000000 0.000000 1.000000
0.993024 0.062220 -0.100157 0.175890 -0.056503 0.996661 0.058944 99.024643 0.103490 -0.052874 0.993224 0.141251 0.000000 0.000000 0.000000 1.000000
0.993055 0.061940 -0.100031 0.167873 -0.056221 0.996673 0.059012 99.022781 0.103353 -0.052978 0.993233 0.160663 0.000000 0.000000 0.000000 1.000000
0.993093 0.061679 -0.099807 0.158488 -0.055951 0.996676 0.059209 99.021416 0.103127 -0.053216 0.993244 0.180272 0.000000 0.000000 0.000000 1.000000
0.993128 0.061448 -0.099599 0.146888 -0.055700 0.996673 0.059504 99.022171 0.102924 -0.053547 0.993247 0.202837 0.000000 0.000000 0.000000 1.000000
0.993145 0.061260 -0.099549 0.133055 -0.055471 0.996661 0.059911 99.023796 0.102887 -0.053978 0.993227 0.228497 0.000000 0.000000 0.000000 1.000000
0.993150 0.061111 -0.099591 0.118394 -0.055268 0.996643 0.060402 99.024635 0.102948 -0.054484 0.993193 0.254385 0.000000 0.000000 0.000000 1.000000
0.993163 0.060974 -0.099545 0.104606 -0.055083 0.996623 0.060896 99.024460 0.102922 -0.054997 0.993168 0.277854 0.000000 0.000000 0.000000 1.000000
0.993188 0.060832 -0.099380 0.091888 -0.054901 0.996604 0.061368 99.024010 0.102776 -0.055494 0.993155 0.298040 0.000000 0.000000 0.000000 1.000000
0.993226 0.060656 -0.099114 0.079600 -0.054688 0.996585 0.061862 99.023178 0.102528 -0.056023 0.993151 0.314636 0.000000 0.000000 0.000000 1.000000
0.993283 0.060425 -0.098679 0.067576 -0.054424 0.996565 0.062413 99.022049 0.102112 -0.056624 0.993160 0.327857 0.000000 0.000000 0.000000 1.000000
0.993368 0.060123 -0.098008 0.055952 -0.054102 0.996548 0.062974 99.020897 0.101455 -0.057254 0.993191 0.338624 0.000000 0.000000 0.000000 1.000000
0.993477 0.059729 -0.097136 0.045143 -0.053708 0.996537 0.063472 99.020401 0.100591 -0.057841 0.993245 0.347507 0.000000 0.000000 0.000000 1.000000
0.993603 0.059254 -0.096141 0.035560 -0.053247 0.996536 0.063885 99.020370 0.099593 -0.058357 0.993315 0.353473 0.000000 0.000000 0.000000 1.000000
0.993739 0.058763 -0.095022 0.026620 -0.052788 0.996539 0.064218 99.019241 0.098466 -0.058800 0.993402 0.355350 0.000000 0.000000 0.000000 1.000000
0.993887 0.058335 -0.093728 0.016555 -0.052411 0.996542 0.064477 99.015793 0.097166 -0.059171 0.993508 0.353995 0.000000 0.000000 0.000000 1.000000
0.994041 0.057965 -0.092313 0.004672 -0.052102 0.996544 0.064696 99.010483 0.095744 -0.059501 0.993626 0.350948 0.000000 0.000000 0.000000 1.000000
0.994191 0.057603 -0.090917 -0.008207 -0.051801 0.996544 0.064942 99.005066 0.094343 -0.059855 0.993739 0.346846 0.000000 0.000000 0.000000 1.000000
0.994327 0.057243 -0.089653 -0.021973 -0.051490 0.996541 0.065227 99.000748 0.093077 -0.060241 0.993835 0.341769 0.000000 0.000000 0.000000 1.000000
0.994444 0.056913 -0.088559 -0.037407 -0.051202 0.996539 0.065483 98.997192 0.091979 -0.060585 0.993916 0.336405 0.000000 0.000000 0.000000 1.000000
0.994543 0.056614 -0.087630 -0.054652 -0.050941 0.996540 0.065676 98.993576 0.091045 -0.060854 0.993986 0.332295 0.000000 0.000000 0.000000 1.000000
0.994625 0.056339 -0.086877 -0.073069 -0.050695 0.996540 0.065858 98.990730 0.090287 -0.061100 0.994040 0.330248 0.000000 0.000000 0.000000 1.000000
0.994688 0.056097 -0.086311 -0.092940 -0.050469 0.996539 0.066059 98.989502 0.089718 -0.061352 0.994076 0.329482 0.000000 0.000000 0.000000 1.000000
0.994735 0.055898 -0.085891 -0.114436 -0.050281 0.996537 0.066228 98.988716 0.089296 -0.061561 0.994101 0.328993 0.000000 0.000000 0.000000 1.000000
0.994773 0.055736 -0.085554 -0.135837 -0.050134 0.996540 0.066287 98.987564 0.088952 -0.061652 0.994126 0.328784 0.000000 0.000000 0.000000 1.000000
0.994801 0.055582 -0.085327 -0.155114 -0.049999 0.996551 0.066228 98.986580 0.088714 -0.061618 0.994149 0.329877 0.000000 0.000000 0.000000 1.000000
0.994811 0.055418 -0.085317 -0.172437 -0.049842 0.996564 0.066150 98.986076 0.088690 -0.061554 0.994155 0.333197 0.000000 0.000000 0.000000 1.000000
0.994799 0.055257 -0.085566 -0.188235 -0.049667 0.996574 0.066136 98.986519 0.088928 -0.061542 0.994135 0.339181 0.000000 0.000000 0.000000 1.000000
0.994773 0.055103 -0.085971 -0.201704 -0.049483 0.996579 0.066193 98.987885 0.089324 -0.061593 0.994096 0.347480 0.000000 0.000000 0.000000 1.000000
0.994746 0.054945 -0.086379 -0.212510 -0.049289 0.996582 0.066293 98.989594 0.089726 -0.061687 0.994054 0.356889 0.000000 0.000000 0.000000 1.000000
0.994724 0.054778 -0.086739 -0.221582 -0.049089 0.996584 0.066414 98.991074 0.090080 -0.061806 0.994015 0.366255 0.000000 0.000000 0.000000 1.000000
0.994702 0.054617 -0.087094 -0.229550 -0.048891 0.996583 0.066571 98.992073 0.090433 -0.061960 0.993973 0.375614 0.000000 0.000000 0.000000 1.000000
0.994675 0.054484 -0.087487 -0.235752 -0.048715 0.996578 0.066778 98.992462 0.090826 -0.062160 0.993925 0.385360 0.000000 0.000000 0.000000 1.000000
0.994640 0.054391 -0.087942 -0.240195 -0.048571 0.996569 0.067017 98.992477 0.091285 -0.062386 0.993869 0.395037 0.000000 0.000000 0.000000 1.000000
0.994597 0.054330 -0.088462 -0.243856 -0.048453 0.996557 0.067272 98.992210 0.091813 -0.062622 0.993805 0.404127 0.000000 0.000000 0.000000 1.000000
0.994553 0.054291 -0.088974 -0.247550 -0.048357 0.996544 0.067540 98.991287 0.092333 -0.062870 0.993741 0.412715 0.000000 0.000000 0.000000 1.000000
0.994517 0.054294 -0.089374 -0.251377 -0.048309 0.996528 0.067817 98.989845 0.092746 -0.063128 0.993687 0.421281 0.000000 0.000000 0.000000 1.000000
0.994486 0.054350 -0.089690 -0.254464 -0.048318 0.996507 0.068109 98.988640 0.093079 -0.063400 0.993638 0.429744 0.000000 0.000000 0.000000 1.000000
0.994450 0.054431 -0.090039 -0.255414 -0.048346 0.996484 0.068434 98.988068 0.093447 -0.063701 0.993584 0.436888 0.000000 0.000000 0.000000 1.000000
0.994414 0.054525 -0.090371 -0.254195 -0.048384 0.996456 0.068811 98.988037 0.093802 -0.064055 0.993528 0.442659 0.000000 0.000000 0.000000 1.000000
0.994395 0.054654 -0.090504 -0.252147 -0.048463 0.996421 0.069251 98.988243 0.093965 -0.064477 0.993485 0.448870 0.000000 0.000000 0.000000 1.000000
0.994396 0.054816 -0.090394 -0.250304 -0.048587 0.996382 0.069733 98.987740 0.093890 -0.064951 0.993462 0.455915 0.000000 0.000000 0.000000 1.000000
0.994407 0.054982 -0.090176 -0.248201 -0.048721 0.996341 0.070220 98.985977 0.093707 -0.065434 0.993447 0.461818 0.000000 0.000000 0.000000 1.000000
0.994420 0.055128 -0.089945 -0.245578 -0.048839 0.996302 0.070686 98.983681 0.093509 -0.065899 0.993435 0.465418 0.000000 0.000000 0.000000 1.000000
0.994441 0.055254 -0.089632 -0.243524 -0.048942 0.996264 0.071147 98.981216 0.093229 -0.066365 0.993430 0.467914 0.000000 0.000000 0.000000 1.000000
0.994482 0.055370 -0.089104 -0.243616 -0.049048 0.996224 0.071644 98.977982 0.092735 -0.066878 0.993442 0.471257 0.000000 0.000000 0.000000 1.000000
0.994543 0.055466 -0.088358 -0.245636 -0.049142 0.996178 0.072209 98.973396 0.092025 -0.067473 0.993468 0.475608 0.000000 0.000000 0.000000 1.000000
0.994614 0.055522 -0.087524 -0.247996 -0.049196 0.996129 0.072850 98.967804 0.091230 -0.068151 0.993495 0.479221 0.000000 0.000000 0.000000 1.000000
0.994687 0.055540 -0.086672 -0.250889 -0.049212 0.996079 0.073521 98.961754 0.090416 -0.068865 0.993520 0.481144 0.000000 0.000000 0.000000 1.000000
0.994766 0.055539 -0.085767 -0.256328 -0.049216 0.996032 0.074151 98.955551 0.089545 -0.069542 0.993552 0.482415 0.000000 0.000000 0.000000 1.000000
0.994851 0.055523 -0.084792 -0.265394 -0.049220 0.995990 0.074708 98.949196 0.088600 -0.070150 0.993594 0.484240 0.000000 0.000000 0.000000 1.000000
0.994942 0.055474 -0.083745 -0.278531 -0.049203 0.995955 0.075178 98.942917 0.087577 -0.070678 0.993647 0.487622 0.000000 0.000000 0.000000 1.000000
0.995041 0.055377 -0.082624 -0.295303 -0.049156 0.995932 0.075521 98.938156 0.086470 -0.071085 0.993715 0.493730 0.000000 0.000000 0.000000 1.000000
0.995139 0.055253 -0.081519 -0.313600 -0.049095 0.995921 0.075710 98.936447 0.085370 -0.071340 0.993792 0.502569 0.000000 0.000000 0.000000 1.000000
0.995221 0.055147 -0.080586 -0.332143 -0.049049 0.995916 0.075797 98.936668 0.084437 -0.071482 0.993862 0.513255 0.000000 0.000000 0.000000 1.000000
0.995278 0.055063 -0.079937 -0.350504 -0.049003 0.995912 0.075887 98.936981 0.083789 -0.071612 0.993907 0.525636 0.000000 0.000000 0.000000 1.000000
0.995314 0.054946 -0.079565 -0.368265 -0.048899 0.995904 0.076052 98.936867 0.083418 -0.071805 0.993924 0.539835 0.000000 0.000000 0.000000 1.000000
0.995341 0.054763 -0.079356 -0.386043 -0.048712 0.995896 0.076283 98.936394 0.083208 -0.072062 0.993923 0.555463 0.000000 0.000000 0.000000 1.000000
0.995366 0.054547 -0.079186 -0.405969 -0.048486 0.995887 0.076539 98.935631 0.083035 -0.072345 0.993917 0.572324 0.000000 0.000000 0.000000 1.000000
0.995394 0.054366 -0.078965 -0.429476 -0.048301 0.995877 0.076781 98.935043 0.082814 -0.072613 0.993916 0.590539 0.000000 0.000000 0.000000 1.000000
0.995422 0.054228 -0.078700 -0.454900 -0.048165 0.995868 0.076985 98.934502 0.082550 -0.072842 0.993921 0.609644 0.000000 0.000000 0.000000 1.000000
0.995447 0.054071 -0.078499 -0.478518 -0.048009 0.995862 0.077157 98.934113 0.082347 -0.073037 0.993924 0.628675 0.000000 0.000000 0.000000 1.000000
0.995461 0.053869 -0.078461 -0.498340 -0.047796 0.995860 0.077323 98.934715 0.082301 -0.073222 0.993914 0.647671 0.000000 0.000000 0.000000 1.000000
0.995462 0.053655 -0.078588 -0.515563 -0.047560 0.995859 0.077479 98.937019 0.082419 -0.073390 0.993892 0.667612 0.000000 0.000000 0.000000 1.000000
0.995454 0.053464 -0.078825 -0.531687 -0.047341 0.995860 0.077601 98.940323 0.082647 -0.073517 0.993864 0.687983 0.000000 0.000000 0.000000 1.000000
0.995439 0.053273 -0.079145 -0.545450 -0.047114 0.995860 0.077740 98.942635 0.082959 -0.073657 0.993827 0.705330 0.000000 0.000000 0.000000 1.000000
0.995420 0.053057 -0.079524 -0.555048 -0.046849 0.995853 0.077993 98.943085 0.083332 -0.073910 0.993777 0.716390 0.000000 0.000000 0.000000 1.000000
0.995403 0.052858 -0.079863 -0.561165 -0.046593 0.995835 0.078372 98.943146 0.083673 -0.074291 0.993720 0.721510 0.000000 0.000000 0.000000 1.000000
0.995392 0.052707 -0.080107 -0.564848 -0.046391 0.995814 0.078750 98.945221 0.083922 -0.074671 0.993671 0.722656 0.000000 0.000000 0.000000 1.000000
0.995383 0.052554 -0.080313 -0.564864 -0.046207 0.995808 0.078941 98.949852 0.084125 -0.074865 0.993639 0.720838 0.000000 0.000000 0.000000 1.000000
0.995376 0.052338 -0.080546 -0.559548 -0.045981 0.995825 0.078859 98.955154 0.084337 -0.074790 0.993627 0.716061 0.000000 0.000000 0.000000 1.000000
0.995370 0.052060 -0.080799 -0.549453 -0.045708 0.995860 0.078576 98.958832 0.084555 -0.074519 0.993628 0.707248 0.000000 0.000000 0.000000 1.000000
0.995365 0.051771 -0.081040 -0.537084 -0.045431 0.995901 0.078207 98.960655 0.084757 -0.074163 0.993638 0.693627 0.000000 0.000000 0.000000 1.000000
0.995363 0.051507 -0.081238 -0.524656 -0.045186 0.995944 0.077812 98.962074 0.084916 -0.073780 0.993653 0.676642 0.000000 0.000000 0.000000 1.000000
0.995362 0.051278 -0.081397 -0.512583 -0.044979 0.995983 0.077420 98.964264 0.085040 -0.073400 0.993670 0.658234 0.000000 0.000000 0.000000 1.000000
0.995358 0.051074 -0.081569 -0.499983 -0.044791 0.996018 0.077083 98.966888 0.085181 -0.073071 0.993682 0.639090 0.000000 0.000000 0.000000 1.000000
0.995351 0.050886 -0.081779 -0.485959 -0.044610 0.996047 0.076813 98.969711 0.085365 -0.072808 0.993686 0.620110 0.000000 0.000000 0.000000 1.000000
0.995341 0.050708 -0.082012 -0.470335 -0.044438 0.996075 0.076554 98.973244 0.085572 -0.072553 0.993687 0.602724 0.000000 0.000000 0.000000 1.000000
0.995328 0.050562 -0.082258 -0.453925 -0.044300 0.996104 0.076249 98.977654 0.085793 -0.072248 0.993690 0.586996 0.000000 0.000000 0.000000 1.000000
0.995308 0.050482 -0.082542 -0.438103 -0.044230 0.996135 0.075892 98.981873 0.086054 -0.071885 0.993694 0.571217 0.000000 0.000000 0.000000 1.000000
0.995282 0.050445 -0.082875 -0.423602 -0.044204 0.996167 0.075486 98.985069 0.086365 -0.071466 0.993697 0.554788 0.000000 0.000000 0.000000 1.000000
0.995255 0.050384 -0.083241 -0.409463 -0.044160 0.996206 0.074993 98.988426 0.086704 -0.070961 0.993704 0.539764 0.000000 0.000000 0.000000 1.000000
0.995228 0.050294 -0.083613 -0.393839 -0.044096 0.996254 0.074393 98.993546 0.087041 -0.070351 0.993718 0.527558 0.000000 0.000000 0.000000 1.000000
0.995200 0.050253 -0.083975 -0.376508 -0.044086 0.996303 0.073739 98.999390 0.087370 -0.069683 0.993736 0.516827 0.000000 0.000000 0.000000 1.000000
0.995170 0.050282 -0.084315 -0.358770 -0.044146 0.996346 0.073116 99.004906 0.087684 -0.069041 0.993753 0.507303 0.000000 0.000000 0.000000 1.000000
0.995140 0.050300 -0.084655 -0.340853 -0.044187 0.996382 0.072597 99.011299 0.088001 -0.068503 0.993762 0.502275 0.000000 0.000000 0.000000 1.000000
0.995110 0.050216 -0.085060 -0.321675 -0.044107 0.996412 0.072240 99.019402 0.088382 -0.068135 0.993754 0.503603 0.000000 0.000000 0.000000 1.000000
0.995075 0.050057 -0.085559 -0.301458 -0.043927 0.996431 0.072079 99.027229 0.088862 -0.067966 0.993722 0.508105 0.000000 0.000000 0.000000 1.000000
0.995037 0.049934 -0.086073 -0.282324 -0.043767 0.996436 0.072111 99.032722 0.089367 -0.067986 0.993676 0.511575 0.000000 0.000000 0.000000 1.000000
0.995005 0.049905 -0.086461 -0.266407 -0.043695 0.996426 0.072290 99.036057 0.089760 -0.068151 0.993629 0.513479 0.000000 0.000000 0.000000 1.000000
0.994986 0.049922 -0.086663 -0.253656 -0.043676 0.996409 0.072533 99.038582 0.089973 -0.068384 0.993594 0.516226 0.000000 0.000000 0.000000 1.000000
0.994978 0.049912 -0.086758 -0.242161 -0.043638 0.996393 0.072775 99.041023 0.090077 -0.068624 0.993568 0.521128 0.000000 0.000000 0.000000 1.000000
0.994971 0.049864 -0.086870 -0.230431 -0.043560 0.996379 0.073016 99.043678 0.090196 -0.068865 0.993540 0.527289 0.000000 0.000000 0.000000 1.000000
0.994956 0.049824 -0.087059 -0.218698 -0.043485 0.996365 0.073254 99.046936 0.090393 -0.069099 0.993506 0.533437 0.000000 0.000000 0.000000 1.000000
0.994937 0.049834 -0.087275 -0.208323 -0.043463 0.996352 0.073442 99.050224 0.090616 -0.069277 0.993473 0.538359 0.000000 0.000000 0.000000 1.000000
0.994920 0.049886 -0.087437 -0.200119 -0.043495 0.996344 0.073530 99.052063 0.090785 -0.069353 0.993453 0.540765 0.000000 0.000000 0.000000 1.000000
0.994909 0.049943 -0.087531 -0.193199 -0.043548 0.996343 0.073510 99.052780 0.090882 -0.069324 0.993446 0.540610 0.000000 0.000000 0.000000 1.000000
0.994901 0.049996 -0.087594 -0.186366 -0.043604 0.996347 0.073422 99.054321 0.090945 -0.069228 0.993447 0.539353 0.000000 0.000000 0.000000 1.000000
0.994894 0.050065 -0.087637 -0.180014 -0.043680 0.996352 0.073314 99.056992 0.090987 -0.069111 0.993451 0.538022 0.000000 0.000000 0.000000 1.000000
0.994890 0.050159 -0.087625 -0.175058 -0.043785 0.996355 0.073213 99.059799 0.090978 -0.069002 0.993459 0.536956 0.000000 0.000000 0.000000 1.000000
0.994889 0.050265 -0.087577 -0.171556 -0.043904 0.996358 0.073101 99.062645 0.090932 -0.068882 0.993472 0.536928 0.000000 0.000000 0.000000 1.000000
0.994884 0.050362 -0.087571 -0.168919 -0.044017 0.996365 0.072934 99.065399 0.090926 -0.068707 0.993485 0.538269 0.000000 0.000000 0.000000 1.000000
0.994873 0.050469 -0.087638 -0.166980 -0.044140 0.996375 0.072718 99.066414 0.090991 -0.068477 0.993495 0.539945 0.000000 0.000000 0.000000 1.000000
0.994859 0.050617 -0.087716 -0.166276 -0.044301 0.996383 0.072518 99.064438 0.091070 -0.068259 0.993502 0.540524 0.000000 0.000000 0.000000 1.000000
0.994849 0.050804 -0.087720 -0.167764 -0.044500 0.996384 0.072377 99.060364 0.091080 -0.068101 0.993512 0.539924 0.000000 0.000000 0.000000 1.000000
0.994847 0.051002 -0.087627 -0.172174 -0.044714 0.996381 0.072286 99.056229 0.090997 -0.067995 0.993527 0.539302 0.000000 0.000000 0.000000 1.000000
0.994850 0.051197 -0.087482 -0.178644 -0.044923 0.996375 0.072238 99.052979 0.090863 -0.067935 0.993543 0.540031 0.000000 0.000000 0.000000 1.000000
0.994851 0.051381 -0.087355 -0.185333 -0.045118 0.996367 0.072225 99.050346 0.090748 -0.067912 0.993556 0.542622 0.000000 0.000000 0.000000 1.000000
0.994848 0.051551 -0.087297 -0.191715 -0.045294 0.996362 0.072190 99.047783 0.090701 -0.067864 0.993563 0.546921 0.000000 0.000000 0.000000 1.000000
0.994837 0.051697 -0.087327 -0.199342 -0.045449 0.996363 0.072083 99.044403 0.090736 -0.067742 0.993568 0.552177 0.000000 0.000000 0.000000 1.000000
0.994821 0.051827 -0.087434 -0.209446 -0.045590 0.996371 0.071881 99.039452 0.090842 -0.067523 0.993574 0.556745 0.000000 0.000000 0.000000 1.000000
0.994799 0.051973 -0.087599 -0.221272 -0.045753 0.996385 0.071574 99.034348 0.091002 -0.067194 0.993581 0.559846 0.000000 0.000000 0.000000 1.000000
0.994770 0.052165 -0.087818 -0.232694 -0.045966 0.996403 0.071191 99.031952 0.091216 -0.066782 0.993589 0.563039 0.000000 0.000000 0.000000 1.000000
0.994731 0.052386 -0.088122 -0.242867 -0.046204 0.996421 0.070790 99.032936 0.091515 -0.066345 0.993591 0.568587 0.000000 0.000000 0.000000 1.000000
0.994685 0.052585 -0.088525 -0.252624 -0.046413 0.996439 0.070387 99.034485 0.091911 -0.065904 0.993584 0.576790 0.000000 0.000000 0.000000 1.000000
0.994637 0.052717 -0.088989 -0.261895 -0.046553 0.996462 0.069975 99.033752 0.092363 -0.065457 0.993572 0.585902 0.000000 0.000000 0.000000 1.000000
0.994591 0.052800 -0.089449 -0.269992 -0.046641 0.996484 0.069601 99.031242 0.092810 -0.065052 0.993557 0.594827 0.000000 0.000000 0.000000 1.000000
0.994552 0.052867 -0.089843 -0.277605 -0.046709 0.996501 0.069318 99.028969 0.093194 -0.064744 0.993541 0.604179 0.000000 0.000000 0.000000 1.000000
0.994521 0.052919 -0.090153 -0.285291 -0.046762 0.996514 0.069092 99.027740 0.093495 -0.064498 0.993528 0.614682 0.000000 0.000000 0.000000 1.000000
0.994495 0.052935 -0.090432 -0.292525 -0.046784 0.996531 0.068826 99.027496 0.093761 -0.064217 0.993522 0.626356 0.000000 0.000000 0.000000 1.000000
0.994467 0.052893 -0.090764 -0.298746 -0.046753 0.996556 0.068486 99.028038 0.094074 -0.063864 0.993515 0.639140 0.000000 0.000000 0.000000 1.000000
0.994433 0.052803 -0.091185 -0.303939 -0.046672 0.996586 0.068110 99.029015 0.094470 -0.063475 0.993502 0.652677 0.000000 0.000000 0.000000 1.000000
0.994397 0.052697 -0.091637 -0.308386 -0.046573 0.996616 0.067736 99.029877 0.094897 -0.063089 0.993486 0.665658 0.000000 0.000000 0.000000 1.000000
0.994366 0.052615 -0.092022 -0.312623 -0.046502 0.996645 0.067356 99.030685 0.095257 -0.062697 0.993476 0.676675 0.000000 0.000000 0.000000 1.000000
0.994344 0.052566 -0.092288 -0.317454 -0.046476 0.996674 0.066940 99.031425 0.095500 -0.062273 0.993480 0.685801 0.000000 0.000000 0.000000 1.000000
0.994328 0.052523 -0.092479 -0.322933 -0.046465 0.996705 0.066485 99.031189 0.095666 -0.061810 0.993493 0.694671 0.000000 0.000000 0.000000 1.000000
0.994313 0.052451 -0.092683 -0.327453 -0.046422 0.996735 0.066057 99.030548 0.095845 -0.061379 0.993502 0.705093 0.000000 0.000000 0.000000 1.000000
0.994294 0.052354 -0.092944 -0.329299 -0.046339 0.996760 0.065739 99.031639 0.096085 -0.061057 0.993499 0.717469 0.000000 0.000000 0.000000 1.000000
0.994271 0.052274 -0.093239 -0.328797 -0.046259 0.996777 0.065541 99.034737 0.096365 -0.060852 0.993484 0.730234 0.000000 0.000000 0.000000 1.000000
0.994245 0.052230 -0.093536 -0.327715 -0.046208 0.996786 0.065435 99.037170 0.096653 -0.060737 0.993463 0.741651 0.000000 0.000000 0.000000 1.000000
0.994221 0.052197 -0.093807 -0.326877 -0.046157 0.996788 0.065440 99.037285 0.096922 -0.060732 0.993437 0.752007 0.000000 0.000000 0.000000 1.000000
0.994205 0.052149 -0.094003 -0.326358 -0.046082 0.996782 0.065589 99.035629 0.097121 -0.060877 0.993409 0.762067 0.000000 0.000000 0.000000 1.000000
0.994198 0.052111 -0.094101 -0.326450 -0.046013 0.996768 0.065850 99.033371 0.097228 -0.061138 0.993383 0.771281 0.000000 0.000000 0.000000 1.000000
0.994192 0.052130 -0.094149 -0.327054 -0.045998 0.996748 0.066168 99.031754 0.097292 -0.061453 0.993357 0.779545 0.000000 0.000000 0.000000 1.000000
0.994182 0.052231 -0.094203 -0.327928 -0.046061 0.996721 0.066518 99.031990 0.097369 -0.061792 0.993328 0.787910 0.000000 0.000000 0.000000 1.000000
0.994169 0.052406 -0.094247 -0.329749 -0.046200 0.996692 0.066870 99.032883 0.097440 -0.062126 0.993300 0.796270 0.000000 0.000000 0.000000 1.000000
0.994159 0.052633 -0.094218 -0.333237 -0.046395 0.996659 0.067213 99.031586 0.097441 -0.062450 0.993280 0.802950 0.000000 0.000000 0.000000 1.000000
0.994154 0.052890 -0.094128 -0.337001 -0.046620 0.996622 0.067605 99.027184 0.097385 -0.062822 0.993262 0.805773 0.000000 0.000000 0.000000 1.000000
0.994144 0.053157 -0.094082 -0.338040 -0.046845 0.996580 0.068075 99.021324 0.097379 -0.063269 0.993234 0.802977 0.000000 0.000000 0.000000 1.000000
0.994132 0.053404 -0.094074 -0.335676 -0.047049 0.996539 0.068524 99.015182 0.097408 -0.063695 0.993204 0.794836 0.000000 0.000000 0.000000 1.000000
0.994136 0.053622 -0.093902 -0.334148 -0.047246 0.996507 0.068862 99.007957 0.097266 -0.064021 0.993197 0.785052 0.000000 0.000000 0.000000 1.000000
0.994164 0.053835 -0.093482 -0.336575 -0.047458 0.996476 0.069155 99.000092 0.096876 -0.064315 0.993216 0.778399 0.000000 0.000000 0.000000 1.000000
0.994196 0.054036 -0.093033 -0.340237 -0.047652 0.996441 0.069526 98.993507 0.096459 -0.064690 0.993233 0.776704 0.000000 0.000000 0.000000 1.000000
0.994213 0.054199 -0.092750 -0.341553 -0.047785 0.996399 0.070040 98.988640 0.096212 -0.065203 0.993223 0.779167 0.000000 0.000000 0.000000 1.000000
0.994220 0.054335 -0.092601 -0.340478 -0.047863 0.996346 0.070733 98.983650 0.096106 -0.065892 0.993188 0.783861 0.000000 0.000000 0.000000 1.000000
0.994227 0.054476 -0.092437 -0.339404 -0.047932 0.996281 0.071597 98.976746 0.095993 -0.066753 0.993141 0.788798 0.000000 0.000000 0.000000 1.000000
0.994246 0.054625 -0.092147 -0.340613 -0.048008 0.996208 0.072553 98.967644 0.095761 -0.067712 0.993099 0.792541 0.000000 0.000000 0.000000 1.000000
0.994278 0.054777 -0.091714 -0.345374 -0.048096 0.996132 0.073532 98.956726 0.095387 -0.068700 0.993067 0.793983 0.000000 0.000000 0.000000 1.000000
0.994317 0.054964 -0.091177 -0.353916 -0.048228 0.996054 0.074500 98.945633 0.094912 -0.069680 0.993044 0.793174 0.000000 0.000000 0.000000 1.000000
0.994359 0.055180 -0.090585 -0.365750 -0.048405 0.995981 0.075361 98.937012 0.094380 -0.070551 0.993033 0.792402 0.000000 0.000000 0.000000 1.000000
0.994407 0.055344 -0.089955 -0.379972 -0.048556 0.995927 0.075970 98.932549 0.093793 -0.071178 0.993044 0.793924 0.000000 0.000000 0.000000 1.000000
0.994463 0.055390 -0.089307 -0.395195 -0.048617 0.995898 0.076309 98.931129 0.093167 -0.071545 0.993077 0.796001 0.000000 0.000000 0.000000 1.000000
0.994518 0.055335 -0.088728 -0.409290 -0.048589 0.995887 0.076471 98.930649 0.092594 -0.071741 0.993116 0.793974 0.000000 0.000000 0.000000 1.000000
0.994562 0.055246 -0.088281 -0.421084 -0.048528 0.995887 0.076513 98.929771 0.092145 -0.071813 0.993153 0.785732 0.000000 0.000000 0.000000 1.000000
0.994602 0.055189 -0.087871 -0.432358 -0.048507 0.995893 0.076449 98.928085 0.091729 -0.071774 0.993194 0.774302 0.000000 0.000000 0.000000 1.000000
0.994642 0.055166 -0.087425 -0.444755 -0.048528 0.995902 0.076318 98.925797 0.091277 -0.071667 0.993243 0.763656 0.000000 0.000000 0.000000 1.000000
0.994675 0.055094 -0.087101 -0.455436 -0.048492 0.995915 0.076173 98.924606 0.090942 -0.071544 0.993283 0.754038 0.000000 0.000000 0.000000 1.000000
0.994690 0.054926 -0.087033 -0.461430 -0.048341 0.995932 0.076045 98.925842 0.090856 -0.071434 0.993299 0.744218 0.000000 0.000000 0.000000 1.000000
0.994694 0.054706 -0.087128 -0.463629 -0.048125 0.995952 0.075922 98.928574 0.090929 -0.071326 0.993300 0.733295 0.000000 0.000000 0.000000 1.000000
0.994697 0.054500 -0.087223 -0.464563 -0.047926 0.995974 0.075762 98.930786 0.091001 -0.071180 0.993304 0.720414 0.000000 0.000000 0.000000 1.000000
0.994701 0.054338 -0.087277 -0.465069 -0.047780 0.995997 0.075545 98.931473 0.091032 -0.070975 0.993316 0.705844 0.000000 0.000000 0.000000 1.000000
0.994700 0.054228 -0.087361 -0.464242 -0.047685 0.996018 0.075324 98.931351 0.091098 -0.070759 0.993325 0.691129 0.000000 0.000000 0.000000 1.000000
0.994690 0.054153 -0.087518 -0.461496 -0.047612 0.996033 0.075171 98.931664 0.091242 -0.070605 0.993323 0.677058 0.000000 0.000000 0.000000 1.000000
0.994677 0.054083 -0.087708 -0.457599 -0.047537 0.996044 0.075080 98.932922 0.091422 -0.070511 0.993313 0.663188 0.000000 0.000000 0.000000 1.000000
0.994666 0.054014 -0.087873 -0.453414 -0.047466 0.996056 0.074968 98.934799 0.091575 -0.070397 0.993307 0.649229 0.000000 0.000000 0.000000 1.000000
0.994656 0.053966 -0.088016 -0.448558 -0.047423 0.996070 0.074801 98.936287 0.091707 -0.070227 0.993307 0.634859 0.000000 0.000000 0.000000 1.000000
0.994642 0.053964 -0.088175 -0.441165 -0.047423 0.996081 0.074657 98.936127 0.091859 -0.070075 0.993303 0.618132 0.000000 0.000000 0.000000 1.000000
0.994628 0.054024 -0.088300 -0.430145 -0.047480 0.996082 0.074604 98.934250 0.091985 -0.070010 0.993296 0.596528 0.000000 0.000000 0.000000 1.000000
0.994624 0.054145 -0.088267 -0.417195 -0.047608 0.996080 0.074560 98.932137 0.091958 -0.069957 0.993302 0.569657 0.000000 0.000000 0.000000 1.000000
0.994636 0.054306 -0.088034 -0.405048 -0.047800 0.996083 0.074396 98.931129 0.091729 -0.069789 0.993335 0.538579 0.000000 0.000000 0.000000 1.000000
0.994652 0.054510 -0.087730 -0.393298 -0.048051 0.996091 0.074120 98.930779 0.091427 -0.069509 0.993383 0.504066 0.000000 0.000000 0.000000 1.000000
0.994652 0.054777 -0.087564 -0.378476 -0.048356 0.996097 0.073842 98.931099 0.091267 -0.069213 0.993418 0.467411 0.000000 0.000000 0.000000 1.000000
0.994626 0.055054 -0.087677 -0.357000 -0.048647 0.996100 0.073611 98.933357 0.091387 -0.068951 0.993425 0.430392 0.000000 0.000000 0.000000 1.000000
0.994580 0.055247 -0.088082 -0.328835 -0.048832 0.996107 0.073391 98.937828 0.091794 -0.068692 0.993406 0.393386 0.000000 0.000000 0.000000 1.000000
0.994525 0.055340 -0.088640 -0.298221 -0.048907 0.996120 0.073164 98.942673 0.092345 -0.068429 0.993373 0.356118 0.000000 0.000000 0.000000 1.000000
0.994476 0.055418 -0.089138 -0.269821 -0.048968 0.996130 0.072990 98.945953 0.092838 -0.068222 0.993341 0.319618 0.000000 0.000000 0.000000 1.000000
0.994439 0.055558 -0.089462 -0.244751 -0.049096 0.996132 0.072879 98.947060 0.093165 -0.068081 0.993320 0.284857 0.000000 0.000000 0.000000 1.000000
0.994410 0.055750 -0.089665 -0.221375 -0.049288 0.996132 0.072739 98.946686 0.093374 -0.067913 0.993312 0.251016 0.000000 0.000000 0.000000 1.000000
0.994385 0.055952 -0.089823 -0.199064 -0.049504 0.996141 0.072471 98.946106 0.093532 -0.067617 0.993318 0.217605 0.000000 0.000000 0.000000 1.000000
0.994361 0.056134 -0.089976 -0.177877 -0.049714 0.996160 0.072068 98.946861 0.093676 -0.067189 0.993333 0.185630 0.000000 0.000000 0.000000 1.000000
0.994334 0.056292 -0.090171 -0.157239 -0.049903 0.996184 0.071609 98.949699 0.093858 -0.066704 0.993349 0.156004 0.000000 0.000000 0.000000 1.000000
0.994301 0.056427 -0.090450 -0.136504 -0.050058 0.996205 0.071198 98.953796 0.094124 -0.066264 0.993353 0.128051 0.000000 0.000000 0.000000 1.000000
0.994260 0.056548 -0.090820 -0.115294 -0.050185 0.996221 0.070888 98.957596 0.094486 -0.065923 0.993341 0.099878 0.000000 0.000000 0.000000 1.000000
0.994214 0.056681 -0.091247 -0.093667 -0.050314 0.996233 0.070628 98.960907 0.094907 -0.065628 0.993321 0.070115 0.000000 0.000000 0.000000 1.000000
0.994163 0.056847 -0.091692 -0.071843 -0.050483 0.996248 0.070291 98.964592 0.095344 -0.065252 0.993303 0.039488 0.000000 0.000000 0.000000 1.000000
0.994112 0.057019 -0.092142 -0.049634 -0.050674 0.996274 0.069790 98.968918 0.095778 -0.064709 0.993297 0.009985 0.000000 0.000000 0.000000 1.000000
0.994062 0.057136 -0.092612 -0.026132 -0.050822 0.996311 0.069154 98.974228 0.096222 -0.064037 0.993298 -0.017180 0.000000 0.000000 0.000000 1.000000
0.994014 0.057174 -0.093097 -0.000606 -0.050895 0.996354 0.068478 98.981461 0.096672 -0.063330 0.993299 -0.041744 0.000000 0.000000 0.000000 1.000000
0.993971 0.057178 -0.093553 0.026691 -0.050932 0.996395 0.067843 98.990479 0.097095 -0.062669 0.993300 -0.063649 0.000000 0.000000 0.000000 1.000000
0.993933 0.057198 -0.093946 0.054531 -0.050979 0.996429 0.067314 98.999542 0.097460 -0.062117 0.993299 -0.083748 0.000000 0.000000 0.000000 1.000000
0.993899 0.057248 -0.094274 0.082125 -0.051045 0.996450 0.066943 99.006721 0.097772 -0.061722 0.993293 -0.103922 0.000000 0.000000 0.000000 1.000000
0.993869 0.057314 -0.094547 0.109460 -0.051115 0.996461 0.066736 99.011139 0.098037 -0.061494 0.993281 -0.125216 0.000000 0.000000 0.000000 1.000000
0.993845 0.057398 -0.094750 0.136488 -0.051194 0.996462 0.066659 99.013336 0.098241 -0.061398 0.993267 -0.146826 0.000000 0.000000 0.000000 1.000000
0.993829 0.057511 -0.094853 0.162504 -0.051297 0.996454 0.066696 99.014290 0.098353 -0.061418 0.993255 -0.167220 0.000000 0.000000 0.000000 1.000000
0.993821 0.057647 -0.094847 0.186192 -0.051419 0.996437 0.066848 99.014717 0.098363 -0.061558 0.993245 -0.184941 0.000000 0.000000 0.000000 1.000000
0.993823 0.057789 -0.094748 0.206931 -0.051542 0.996414 0.067104 99.015282 0.098286 -0.061806 0.993237 -0.198902 0.000000 0.000000 0.000000 1.000000
0.993833 0.057945 -0.094539 0.225780 -0.051680 0.996385 0.067419 99.015961 0.098104 -0.062118 0.993236 -0.209651 0.000000 0.000000 0.000000 1.000000
0.993855 0.058133 -0.094196 0.244787 -0.051858 0.996354 0.067749 99.016907 0.097791 -0.062447 0.993246 -0.219211 0.000000 0.000000 0.000000 1.000000
0.993882 0.058330 -0.093783 0.264706 -0.052049 0.996321 0.068079 99.018509 0.097409 -0.062782 0.993262 -0.228727 0.000000 0.000000 0.000000 1.000000
0.993904 0.058485 -0.093455 0.284829 -0.052190 0.996289 0.068440 99.020294 0.097111 -0.063146 0.993268 -0.238058 0.000000 0.000000 0.000000 1.000000
0.993911 0.058583 -0.093325 0.304949 -0.052256 0.996257 0.068856 99.020790 0.097010 -0.063559 0.993252 -0.247505 0.000000 0.000000 0.000000 1.000000
0.993906 0.058639 -0.093336 0.325618 -0.052265 0.996223 0.069336 99.019073 0.097049 -0.064035 0.993218 -0.257781 0.000000 0.000000 0.000000 1.000000
0.993908 0.058656 -0.093311 0.346661 -0.052231 0.996188 0.069871 99.015900 0.097054 -0.064572 0.993182 -0.268962 0.000000 0.000000 0.000000 1.000000
0.993927 0.058657 -0.093103 0.366742 -0.052194 0.996153 0.070393 99.012207 0.096874 -0.065106 0.993165 -0.280509 0.000000 0.000000 0.000000 1.000000
0.993961 0.058702 -0.092709 0.384026 -0.052222 0.996120 0.070842 99.008682 0.096508 -0.065573 0.993170 -0.291870 0.000000 0.000000 0.000000 1.000000
0.993996 0.058824 -0.092257 0.398219 -0.052339 0.996088 0.071203 99.006264 0.096084 -0.065947 0.993186 -0.302742 0.000000 0.000000 0.000000 1.000000
0.994025 0.058970 -0.091855 0.410290 -0.052492 0.996064 0.071418 99.005287 0.095705 -0.066169 0.993208 -0.312777 0.000000 0.000000 0.000000 1.000000
0.994051 0.059069 -0.091510 0.420685 -0.052616 0.996059 0.071398 99.004967 0.095367 -0.066158 0.993241 -0.321718 0.000000 0.000000 0.000000 1.000000
0.994076 0.059136 -0.091187 0.428800 -0.052730 0.996073 0.071126 99.004745 0.095035 -0.065896 0.993290 -0.330363 0.000000 0.000000 0.000000 1.000000
0.994099 0.059236 -0.090876 0.434269 -0.052897 0.996098 0.070651 99.004707 0.094707 -0.065427 0.993353 -0.339852 0.000000 0.000000 0.000000 1.000000
0.994114 0.059389 -0.090605 0.437719 -0.053126 0.996128 0.070043 99.004723 0.094414 -0.064817 0.993421 -0.349511 0.000000 0.000000 0.000000 1.000000
0.994125 0.059560 -0.090380 0.439708 -0.053374 0.996161 0.069381 99.004341 0.094165 -0.064150 0.993488 -0.356726 0.000000 0.000000 0.000000 1.000000
0.994136 0.059718 -0.090157 0.440110 -0.053607 0.996192 0.068752 99.003494 0.093919 -0.063516 0.993552 -0.359811 0.000000 0.000000 0.000000 1.000000
0.994148 0.059885 -0.089908 0.438020 -0.053839 0.996216 0.068231 99.003143 0.093654 -0.062991 0.993610 -0.359252 0.000000 0.000000 0.000000 1.000000
0.994159 0.060074 -0.089660 0.432143 -0.054079 0.996228 0.067860 99.003342 0.093398 -0.062615 0.993658 -0.355320 0.000000 0.000000 0.000000 1.000000
0.994166 0.060254 -0.089464 0.422816 -0.054295 0.996233 0.067615 99.002899 0.093201 -0.062363 0.993692 -0.346648 0.000000 0.000000 0.000000 1.000000
0.994167 0.060363 -0.089378 0.411897 -0.054427 0.996239 0.067426 99.001549 0.093111 -0.062169 0.993713 -0.332104 0.000000 0.000000 0.000000 1.000000
0.994160 0.060391 -0.089431 0.400643 -0.054472 0.996251 0.067214 99.000793 0.093154 -0.061950 0.993723 -0.312706 0.000000 0.000000 0.000000 1.000000
0.994144 0.060397 -0.089607 0.388506 -0.054492 0.996267 0.066950 99.001434 0.093316 -0.061675 0.993724 -0.290888 0.000000 0.000000 0.000000 1.000000
0.994120 0.060437 -0.089844 0.374001 -0.054543 0.996283 0.066670 99.002274 0.093540 -0.061378 0.993722 -0.267908 0.000000 0.000000 0.000000 1.000000
