<?xml version="1.0" encoding="utf-8"?>
<COLLADA xmlns="http://www.collada.org/2005/11/COLLADASchema" version="1.4.1">
  <asset><contributor><author>Mixamo</author><authoring_tool>COLLADA Mixamo exporter</authoring_tool><comments></comments></contributor><created>2019-05-29T00:28:15Z</created><modified>2019-05-29T00:28:15Z</modified><revision></revision><title></title><unit meter="0.010000"/><up_axis>Y_UP</up_axis></asset>
  <library_animations>
    <animation id="mixamorig_Hips-anim" name="mixamorig_Hips"><source id="mixamorig_Hips-Matrix-animation-input"><float_array id="mixamorig_Hips-Matrix-animation-input-array" count="25">

0.000000 0.033333 0.066667 0.100000 0.133333 0.166667 0.200000 0.233333 0.266667 0.300000 0.333333 0.366667 0.400000 0.433333 0.466667 0.500000
0.533333 0.566667 0.600000 0.633333 0.666667 0.700000 0.733333 0.766667 0.800000</float_array><technique_common><accessor source="#mixamorig_Hips-Matrix-animation-input-array" count="25"><param name="TIME" type="float"/></accessor></technique_common></source><source id="mixamorig_Hips-Matrix-animation-output-transform"><float_array id="mixamorig_Hips-Matrix-animation-output-transform-array" count="400">

0.998676 -0.050505 -0.009815 -0.108756 0.048073 0.983960 -0.171787 95.704140 0.018333 0.171088 0.985085 0.151207 0.000000 0.000000 0.000000 1.000000
0.995891 -0.081887 -0.038668 0.145160 0.073591 0.980655 -0.181382 97.658463 0.052773 0.177791 0.982652 7.257135 0.000000 0.000000 0.000000 1.000000
0.993412 -0.099660 -0.056573 0.374244 0.086607 0.976191 -0.198873 99.323692 0.075046 0.192663 0.978391 14.576714 0.000000 0.000000 0.000000 1.000000
0.992066 -0.107701 -0.064852 0.553830 0.091813 0.973061 -0.211477 100.738899 0.085881 0.203845 0.975229 22.441118 0.000000 0.000000 0.000000 1.000000
0.993949 -0.095799 -0.053742 0.523493 0.081502 0.971204 -0.223877 102.053856 0.073642 0.218142 0.973135 31.009193 0.000000 0.000000 0.000000 1.000000
0.997101 -0.072197 -0.024012 0.312900 0.065172 0.973290 -0.220135 102.013039 0.039264 0.217931 0.975174 40.206493 0.000000 0.000000 0.000000 1.000000
0.998141 -0.058756 0.016205 0.046807 0.060885 0.973418 -0.220795 101.082954 -0.002801 0.221371 0.975186 49.161236 0.000000 0.000000 0.000000 1.000000
0.997115 -0.054012 0.053331 -0.198217 0.064553 0.973029 -0.221466 99.577980 -0.039931 0.224270 0.973709 57.004963 0.000000 0.000000 0.000000 1.000000
0.996717 -0.056363 0.058117 -0.261796 0.067784 0.973503 -0.218398 97.444717 -0.044267 0.221621 0.974128 65.445862 0.000000 0.000000 0.000000 1.000000
0.996337 -0.070297 0.048687 -0.208700 0.079618 0.970329 -0.228305 95.873535 -0.031193 0.231345 0.972372 73.066101 0.000000 0.000000 0.000000 1.000000
0.996277 -0.060275 0.061631 -0.236435 0.072870 0.970815 -0.228490 95.220161 -0.046060 0.232130 0.971594 79.959618 0.000000 0.000000 0.000000 1.000000
0.994846 -0.034574 0.095321 -0.055366 0.056626 0.969261 -0.239431 96.048027 -0.084113 0.243594 0.966223 87.495834 0.000000 0.000000 0.000000 1.000000
0.993010 0.000283 0.118032 0.207702 0.030541 0.965325 -0.259257 97.382408 -0.114012 0.261050 0.958569 95.237770 0.000000 0.000000 0.000000 1.000000
0.990575 0.033251 0.132876 0.308464 0.003276 0.964057 -0.265675 99.113068 -0.136934 0.263606 0.954862 103.133522 0.000000 0.000000 0.000000 1.000000
0.987986 0.064337 0.140518 0.300541 -0.022318 0.959094 -0.282207 100.579926 -0.152926 0.275681 0.949007 111.449776 0.000000 0.000000 0.000000 1.000000
0.987686 0.075005 0.137299 0.506688 -0.031448 0.954857 -0.295398 102.140366 -0.153257 0.287442 0.945457 120.498878 0.000000 0.000000 0.000000 1.000000
0.990987 0.062600 0.118434 0.762697 -0.025789 0.956711 -0.289895 102.789406 -0.131455 0.284227 0.949702 130.049500 0.000000 0.000000 0.000000 1.000000
0.992617 0.055675 0.107756 0.823382 -0.024815 0.962851 -0.268889 102.089294 -0.118723 0.264230 0.957125 139.475418 0.000000 0.000000 0.000000 1.000000
0.993114 0.051459 0.105246 0.782294 -0.024279 0.969267 -0.244811 100.573036 -0.114609 0.240570 0.963842 148.821365 0.000000 0.000000 0.000000 1.000000
0.993175 0.048984 0.105847 0.681776 -0.024696 0.975275 -0.219613 98.693741 -0.113987 0.215500 0.969828 157.981445 0.000000 0.000000 0.000000 1.000000
0.993461 0.044475 0.105150 0.577169 -0.023216 0.980459 -0.195350 96.700020 -0.111784 0.191631 0.975080 167.288818 0.000000 0.000000 0.000000 1.000000
0.994325 0.039635 0.098724 0.449035 -0.021952 0.984476 -0.174138 94.746735 -0.104094 0.170983 0.979760 175.967300 0.000000 0.000000 0.000000 1.000000
0.996762 0.029118 0.074953 0.326376 -0.016487 0.986336 -0.163917 93.737411 -0.078702 0.162151 0.983622 184.096283 0.000000 0.000000 0.000000 1.000000
0.999337 0.000255 0.036403 0.155664 0.005895 0.985641 -0.168753 93.712425 -0.035923 0.168856 0.984986 192.844452 0.000000 0.000000 0.000000 1.000000
0.999450 -0.032966 0.003734 -0.029057 0.033116 0.984483 -0.172324 94.953125 0.002005 0.172353 0.985033 202.120071 0.000000 0.000000 0.000000 1.000000</float_array><technique_common><accessor source="#mixamorig_Hips-Matrix-animation-output-transform-array" count="25" stride="16"><param type="float4x4"/></accessor></technique_common></source><source id="mixamorig_Hips-Interpolations"><Name_array id="mixamorig_Hips-Interpolations-array" count="25">
 LINEAR LINEAR LINEAR LINEAR LINEAR LINEAR LINEAR LINEAR LINEAR LINEAR LINEAR
LINEAR LINEAR LINEAR LINEAR LINEAR LINEAR LINEAR LINEAR LINEAR LINEAR LINEAR LINEAR
LINEAR LINEAR</Name_array><technique_common><accessor source="#mixamorig_Hips-Interpolations-array" count="25"><param type="name"/></accessor></technique_common></source><sampler id="mixamorig_Hips-Matrix-animation-transform"><input semantic="INPUT" source="#mixamorig_Hips-Matrix-animation-input"/><input semantic="OUTPUT" source="#mixamorig_Hips-Matrix-animation-output-transform"/><input semantic="INTERPOLATION" source="#mixamorig_Hips-Interpolations"/></sampler><channel source="#mixamorig_Hips-Matrix-animation-transform" target="mixamorig_Hips/matrix"/></animation>
    <animation id="mixamorig_Spine-anim" name="mixamorig_Spine"><source id="mixamorig_Spine-Matrix-animation-input"><float_array id="mixamorig_Spine-Matrix-animation-input-array" count="25">

0.000000 0.033333 0.066667 0.100000 0.133333 0.166667 0.200000 0.233333 0.266667 0.300000 0.333333 0.366667 0.400000 0.433333 0.466667 0.500000
0.533333 0.566667 0.600000 0.633333 0.666667 0.700000 0.733333 0.766667 0.800000</float_array><technique_common><accessor source="#mixamorig_Spine-Matrix-animation-input-array" count="25"><param name="TIME" type="float"/></accessor></technique_common></source><source id="mixamorig_Spine-Matrix-animation-output-transform"><float_array id="mixamorig_Spine-Matrix-animation-output-transform-array" count="400">

0.998282 0.021299 0.054579 0.000000 -0.012761 0.988259 -0.152254 9.923500 -0.057181 0.151296 0.986833 -1.227300 0.000000 0.000000 0.000000 1.000000
0.995501 0.055894 0.076508 -0.000000 -0.044390 0.988499 -0.144565 9.923500 -0.083708 0.140519 0.986533 -1.227300 0.000000 0.000000 0.000000 1.000000
0.992909 0.077631 0.090033 0.000000 -0.064736 0.988283 -0.138221 9.923500 -0.099708 0.131412 0.986301 -1.227300 0.000000 0.000000 0.000000 1.000000
0.991436 0.092071 0.092615 -0.000000 -0.079642 0.988317 -0.129947 9.923500 -0.103497 0.121458 0.987186 -1.227300 0.000000 0.000000 0.000000 1.000000
0.992342 0.086110 0.088552 0.000000 -0.076254 0.991088 -0.109227 9.923500 -0.097169 0.101638 0.990065 -1.227300 0.000000 0.000000 0.000000 1.000000
0.994435 0.069379 0.079281 -0.000000 -0.062663 0.994471 -0.084261 9.923500 -0.084688 0.078824 0.993285 -1.227300 0.000000 0.000000 0.000000 1.000000
0.995930 0.065145 0.062282 -0.000000 -0.060513 0.995453 -0.073561 9.923500 -0.066791 0.069493 0.995344 -1.227300 0.000000 0.000000 0.000000 1.000000
0.996503 0.071523 0.043212 0.000000 -0.067329 0.993504 -0.091742 9.923500 -0.049493 0.088511 0.994845 -1.227300 0.000000 0.000000 0.000000 1.000000
0.996023 0.086311 0.022112 0.000000 -0.083509 0.990850 -0.106032 9.923500 -0.031062 0.103764 0.994117 -1.227300 0.000000 0.000000 0.000000 1.000000
0.994093 0.108522 -0.001659 0.000000 -0.108070 0.988305 -0.107585 9.923500 -0.010036 0.107129 0.994194 -1.227300 0.000000 0.000000 0.000000 1.000000
0.993776 0.108085 -0.026942 0.000000 -0.110434 0.987637 -0.111250 9.923500 0.014585 0.113533 0.993427 -1.227300 0.000000 0.000000 0.000000 1.000000
0.994996 0.084774 -0.052872 0.000000 -0.090242 0.989663 -0.111458 9.923500 0.042877 0.115671 0.992362 -1.227300 0.000000 0.000000 0.000000 1.000000
0.996135 0.043444 -0.076345 0.000000 -0.051974 0.992173 -0.113540 9.923500 0.070815 0.117069 0.990596 -1.227300 0.000000 0.000000 0.000000 1.000000
0.995600 0.002622 -0.093672 0.000000 -0.013604 0.993063 -0.116795 9.923500 0.092715 0.117555 0.988729 -1.227300 0.000000 0.000000 0.000000 1.000000
0.992907 -0.037040 -0.112976 0.000000 0.023566 0.992693 -0.118345 9.923500 0.116534 0.114843 0.986525 -1.227300 0.000000 0.000000 0.000000 1.000000
0.990301 -0.059200 -0.125697 0.000000 0.046055 0.993403 -0.105020 9.923500 0.131084 0.098212 0.986494 -1.227300 0.000000 0.000000 0.000000 1.000000
0.990319 -0.070085 -0.119817 -0.000000 0.060312 0.994695 -0.083332 9.923500 0.125022 0.075299 0.989293 -1.227300 0.000000 0.000000 0.000000 1.000000
0.991235 -0.082152 -0.103465 0.000000 0.074317 0.994224 -0.077436 9.923500 0.109229 0.069068 0.991614 -1.227300 0.000000 0.000000 0.000000 1.000000
0.991892 -0.090659 -0.089055 -0.000000 0.083555 0.993246 -0.080504 9.923500 0.095752 0.072411 0.992768 -1.227300 0.000000 0.000000 0.000000 1.000000
0.992550 -0.097053 -0.073660 0.000000 0.090472 0.992006 -0.087966 9.923500 0.081608 0.080647 0.993396 -1.227300 0.000000 0.000000 0.000000 1.000000
0.993438 -0.099420 -0.056545 0.000000 0.093773 0.991050 -0.095013 9.923500 0.065485 0.089087 0.993869 -1.227300 0.000000 0.000000 0.000000 1.000000
0.994232 -0.101242 -0.035405 -0.000000 0.096493 0.988454 -0.116824 9.923500 0.046824 0.112733 0.992521 -1.227300 0.000000 0.000000 0.000000 1.000000
0.995782 -0.091421 -0.007771 0.000000 0.089384 0.985727 -0.142662 9.923500 0.020702 0.141366 0.989741 -1.227300 0.000000 0.000000 0.000000 1.000000
0.998201 -0.053787 0.026509 0.000000 0.057132 0.987333 -0.148021 9.923500 -0.018212 0.149269 0.988629 -1.227300 0.000000 0.000000 0.000000 1.000000
0.998875 -0.003874 0.047270 0.000000 0.010975 0.988485 -0.150921 9.923500 -0.046141 0.151270 0.987415 -1.227300 0.000000 0.000000 0.000000 1.000000</float_array><technique_common><accessor source="#mixamorig_Spine-Matrix-animation-output-transform-array" count="25" stride="16"><param type="float4x4"/></accessor></technique_common></source><source id="mixamorig_Spine-Interpolations"><Name_array id="mixamorig_Spine-Interpolations-array" count="25">
 LINEAR LINEAR LINEAR LINEAR LINEAR LINEAR LINEAR LINEAR LINEAR LINEAR LINEAR
LINEAR LINEAR LINEAR LINEAR LINEAR LINEAR LINEAR LINEAR LINEAR LINEAR LINEAR LINEAR
LINEAR LINEAR</Name_array><technique_common><accessor source="#mixamorig_Spine-Interpolations-array" count="25"><param type="name"/></accessor></technique_common></source><sampler id="mixamorig_Spine-Matrix-animation-transform"><input semantic="INPUT" source="#mixamorig_Spine-Matrix-animation-input"/><input semantic="OUTPUT" source="#mixamorig_Spine-Matrix-animation-output-transform"/><input semantic="INTERPOLATION" source="#mixamorig_Spine-Interpolations"/></sampler><channel source="#mixamorig_Spine-Matrix-animation-transform" target="mixamorig_Spine/matrix"/></animation>
    <animation id="mixamorig_Spine1-anim" name="mixamorig_Spine1"><source id="mixamorig_Spine1-Matrix-animation-input"><float_array id="mixamorig_Spine1-Matrix-animation-input-array" count="25">

0.000000 0.033333 0.066667 0.100000 0.133333 0.166667 0.200000 0.233333 0.266667 0.300000 0.333333 0.366667 0.400000 0.433333 0.466667 0.500000
0.533333 0.566667 0.600000 0.633333 0.666667 0.700000 0.733333 0.766667 0.800000</float_array><technique_common><accessor source="#mixamorig_Spine1-Matrix-animation-input-array" count="25"><param name="TIME" type="float"/></accessor></technique_common></source><source id="mixamorig_Spine1-Matrix-animation-output-transform"><float_array id="mixamorig_Spine1-Matrix-animation-output-transform-array" count="400">

0.999668 -0.014133 0.021533 -0.000100 0.014733 0.999500 -0.027961 11.645400 -0.021127 0.028269 0.999377 -1.422300 0.000000 0.000000 0.000000 1.000000
0.999410 -0.001000 0.034341 -0.000100 0.001721 0.999779 -0.020956 11.645400 -0.034313 0.021003 0.999190 -1.422300 0.000000 0.000000 0.000000 1.000000
0.999072 0.006474 0.042578 -0.000100 -0.005965 0.999909 -0.012062 11.645400 -0.042652 0.011797 0.999020 -1.422300 0.000000 0.000000 0.000000 1.000000
0.998858 0.014642 0.045471 -0.000100 -0.014361 0.999876 -0.006500 11.645400 -0.045560 0.005840 0.998945 -1.422300 0.000000 0.000000 0.000000 1.000000
0.998899 0.017075 0.043692 -0.000100 -0.016581 0.999795 -0.011647 11.645400 -0.043882 0.010909 0.998977 -1.422300 0.000000 0.000000 0.000000 1.000000
0.999178 0.012021 0.038721 -0.000100 -0.010961 0.999562 -0.027484 11.645400 -0.039035 0.027037 0.998872 -1.422300 0.000000 0.000000 0.000000 1.000000
0.999472 0.009318 0.031112 -0.000100 -0.008150 0.999265 -0.037468 11.645400 -0.031439 0.037194 0.998813 -1.422300 0.000000 0.000000 0.000000 1.000000
0.999655 0.010241 0.024176 -0.000100 -0.009444 0.999415 -0.032858 11.645400 -0.024498 0.032618 0.999168 -1.422300 0.000000 0.000000 0.000000 1.000000
0.999678 0.012301 0.022186 -0.000100 -0.011699 0.999565 -0.027076 11.645400 -0.022510 0.026807 0.999387 -1.422300 0.000000 0.000000 0.000000 1.000000
0.999792 0.012875 0.015789 -0.000100 -0.012411 0.999498 -0.029141 11.645400 -0.016156 0.028939 0.999451 -1.422300 0.000000 0.000000 0.000000 1.000000
0.999959 0.008985 0.000924 -0.000100 -0.008955 0.999565 -0.028095 11.645400 -0.001176 0.028085 0.999605 -1.422300 0.000000 0.000000 0.000000 1.000000
0.999873 0.001598 -0.015852 -0.000100 -0.001976 0.999714 -0.023852 11.645400 0.015810 0.023881 0.999590 -1.422300 0.000000 0.000000 0.000000 1.000000
0.999580 -0.006540 -0.028224 -0.000100 0.006217 0.999914 -0.011513 11.645400 0.028297 0.011333 0.999535 -1.422300 0.000000 0.000000 0.000000 1.000000
0.999123 -0.014912 -0.039137 -0.000100 0.015008 0.999885 0.002166 11.645400 0.039101 -0.002751 0.999231 -1.422300 0.000000 0.000000 0.000000 1.000000
0.998413 -0.022165 -0.051773 -0.000100 0.023072 0.999590 0.016976 11.645400 0.051375 -0.018143 0.998515 -1.422300 0.000000 0.000000 0.000000 1.000000
0.997867 -0.026409 -0.059694 -0.000100 0.027624 0.999426 0.019618 11.645400 0.059142 -0.021225 0.998024 -1.422300 0.000000 0.000000 0.000000 1.000000
0.997984 -0.027530 -0.057189 -0.000100 0.028118 0.999559 0.009498 11.645400 0.056903 -0.011087 0.998318 -1.422300 0.000000 0.000000 0.000000 1.000000
0.998219 -0.028600 -0.052349 -0.000100 0.028672 0.999589 0.000615 11.645400 0.052310 -0.002115 0.998629 -1.422300 0.000000 0.000000 0.000000 1.000000
0.998282 -0.030849 -0.049811 -0.000100 0.030675 0.999520 -0.004259 11.645400 0.049918 0.002724 0.998750 -1.422300 0.000000 0.000000 0.000000 1.000000
0.998348 -0.033582 -0.046622 -0.000100 0.033216 0.999411 -0.008607 11.645400 0.046884 0.007045 0.998875 -1.422300 0.000000 0.000000 0.000000 1.000000
0.998489 -0.036101 -0.041418 -0.000100 0.035507 0.999257 -0.014995 11.645400 0.041928 0.013501 0.999029 -1.422300 0.000000 0.000000 0.000000 1.000000
0.998756 -0.039115 -0.030929 -0.000100 0.038509 0.999060 -0.019926 11.645400 0.031679 0.018710 0.999323 -1.422300 0.000000 0.000000 0.000000 1.000000
0.999133 -0.039822 -0.012159 -0.000100 0.039507 0.998903 -0.025150 11.645400 0.013148 0.024648 0.999610 -1.422300 0.000000 0.000000 0.000000 1.000000
0.999429 -0.033359 0.005338 -0.000100 0.033501 0.999017 -0.029032 11.645400 -0.004364 0.029195 0.999564 -1.422300 0.000000 0.000000 0.000000 1.000000
0.999641 -0.020843 0.016844 -0.000100 0.021332 0.999340 -0.029395 11.645400 -0.016221 0.029744 0.999426 -1.422300 0.000000 0.000000 0.000000 1.000000</float_array><technique_common><accessor source="#mixamorig_Spine1-Matrix-animation-output-transform-array" count="25" stride="16"><param type="float4x4"/></accessor></technique_common></source><source id="mixamorig_Spine1-Interpolations"><Name_array id="mixamorig_Spine1-Interpolations-array" count="25">
 LINEAR LINEAR LINEAR LINEAR LINEAR LINEAR LINEAR LINEAR LINEAR LINEAR LINEAR
LINEAR LINEAR LINEAR LINEAR LINEAR LINEAR LINEAR LINEAR LINEAR LINEAR LINEAR LINEAR
LINEAR LINEAR</Name_array><technique_common><accessor source="#mixamorig_Spine1-Interpolations-array" count="25"><param type="name"/></accessor></technique_common></source><sampler id="mixamorig_Spine1-Matrix-animation-transform"><input semantic="INPUT" source="#mixamorig_Spine1-Matrix-animation-input"/><input semantic="OUTPUT" source="#mixamorig_Spine1-Matrix-animation-output-transform"/><input semantic="INTERPOLATION" source="#mixamorig_Spine1-Interpolations"/></sampler><channel source="#mixamorig_Spine1-Matrix-animation-transform" target="mixamorig_Spine1/matrix"/></animation>
    <animation id="mixamorig_Spine2-anim" name="mixamorig_Spine2"><source id="mixamorig_Spine2-Matrix-animation-input"><float_array id="mixamorig_Spine2-Matrix-animation-input-array" count="25">

0.000000 0.033333 0.066667 0.100000 0.133333 0.166667 0.200000 0.233333 0.266667 0.300000 0.333333 0.366667 0.400000 0.433333 0.466667 0.500000
0.533333 0.566667 0.600000 0.633333 0.666667 0.700000 0.733333 0.766667 0.800000</float_array><technique_common><accessor source="#mixamorig_Spine2-Matrix-animation-input-array" count="25"><param name="TIME" type="float"/></accessor></technique_common></source><source id="mixamorig_Spine2-Matrix-animation-output-transform"><float_array id="mixamorig_Spine2-Matrix-animation-output-transform-array" count="400">

0.999674 -0.013906 0.021399 0.000100 0.014506 0.999499 -0.028126 13.360200 -0.020997 0.028427 0.999375 -1.626500 0.000000 0.000000 0.000000 1.000000
0.999414 -0.000545 0.034218 0.000100 0.001269 0.999776 -0.021117 13.360200 -0.034199 0.021148 0.999191 -1.626500 0.000000 0.000000 0.000000 1.000000
0.999073 0.007178 0.042435 0.000100 -0.006667 0.999904 -0.012155 13.360200 -0.042518 0.011861 0.999025 -1.626500 0.000000 0.000000 0.000000 1.000000
0.998855 0.015415 0.045284 0.000100 -0.015138 0.999865 -0.006453 13.360200 -0.045377 0.005760 0.998953 -1.626500 0.000000 0.000000 0.000000 1.000000
0.998895 0.017543 0.043590 0.000100 -0.017056 0.999788 -0.011506 13.360200 -0.043783 0.010750 0.998983 -1.626500 0.000000 0.000000 0.000000 1.000000
0.999173 0.011933 0.038869 0.000100 -0.010876 0.999569 -0.027273 13.360200 -0.039178 0.026828 0.998872 -1.626500 0.000000 0.000000 0.000000 1.000000
0.999467 0.010939 0.030745 0.000100 -0.009787 0.999254 -0.037358 13.360200 -0.031131 0.037037 0.998829 -1.626500 0.000000 0.000000 0.000000 1.000000
0.999618 0.016676 0.022052 0.000100 -0.015941 0.999325 -0.033101 13.360200 -0.022589 0.032737 0.999209 -1.626500 0.000000 0.000000 0.000000 1.000000
0.999544 0.024270 0.017991 0.000100 -0.023767 0.999335 -0.027657 13.360200 -0.018650 0.027217 0.999456 -1.626500 0.000000 0.000000 0.000000 1.000000
0.999518 0.029364 0.010071 0.000100 -0.029050 0.999127 -0.030030 13.360200 -0.010944 0.029723 0.999498 -1.626500 0.000000 0.000000 0.000000 1.000000
0.999610 0.027371 -0.005480 0.000100 -0.027520 0.999191 -0.029317 13.360200 0.004673 0.029457 0.999555 -1.626500 0.000000 0.000000 0.000000 1.000000
0.999603 0.018038 -0.021652 0.000100 -0.018582 0.999509 -0.025222 13.360200 0.021187 0.025614 0.999447 -1.626500 0.000000 0.000000 0.000000 1.000000
0.999458 0.005104 -0.032521 0.000100 -0.005519 0.999904 -0.012676 13.360200 0.032453 0.012849 0.999391 -1.626500 0.000000 0.000000 0.000000 1.000000
0.999101 -0.009143 -0.041388 0.000100 0.009208 0.999957 0.001387 13.360200 0.041373 -0.001767 0.999142 -1.626500 0.000000 0.000000 0.000000 1.000000
0.998410 -0.021628 -0.052054 0.000100 0.022520 0.999608 0.016609 13.360200 0.051674 -0.017755 0.998506 -1.626500 0.000000 0.000000 0.000000 1.000000
0.997859 -0.027888 -0.059153 0.000100 0.029090 0.999385 0.019559 13.360200 0.058571 -0.021238 0.998057 -1.626500 0.000000 0.000000 0.000000 1.000000
0.997978 -0.028453 -0.056832 0.000100 0.029046 0.999532 0.009629 13.360200 0.056531 -0.011260 0.998337 -1.626500 0.000000 0.000000 0.000000 1.000000
0.998214 -0.029128 -0.052149 0.000100 0.029216 0.999573 0.000920 13.360200 0.052100 -0.002442 0.998639 -1.626500 0.000000 0.000000 0.000000 1.000000
0.998277 -0.031252 -0.049672 0.000100 0.031100 0.999509 -0.003835 13.360200 0.049767 0.002284 0.998758 -1.626500 0.000000 0.000000 0.000000 1.000000
0.998341 -0.033928 -0.046528 0.000100 0.033586 0.999403 -0.008119 13.360200 0.046776 0.006543 0.998884 -1.626500 0.000000 0.000000 0.000000 1.000000
0.998480 -0.036329 -0.041438 0.000100 0.035756 0.999256 -0.014483 13.360200 0.041933 0.012979 0.999036 -1.626500 0.000000 0.000000 0.000000 1.000000
0.998747 -0.039316 -0.030968 0.000100 0.038724 0.999060 -0.019496 13.360200 0.031705 0.018272 0.999330 -1.626500 0.000000 0.000000 0.000000 1.000000
0.999128 -0.039918 -0.012259 0.000100 0.039603 0.998904 -0.024945 13.360200 0.013241 0.024438 0.999614 -1.626500 0.000000 0.000000 0.000000 1.000000
0.999432 -0.033304 0.005144 0.000100 0.033440 0.999017 -0.029091 13.360200 -0.004171 0.029247 0.999564 -1.626500 0.000000 0.000000 0.000000 1.000000
0.999647 -0.020682 0.016676 0.000100 0.021169 0.999339 -0.029559 13.360200 -0.016054 0.029901 0.999424 -1.626500 0.000000 0.000000 0.000000 1.000000</float_array><technique_common><accessor source="#mixamorig_Spine2-Matrix-animation-output-transform-array" count="25" stride="16"><param type="float4x4"/></accessor></technique_common></source><source id="mixamorig_Spine2-Interpolations"><Name_array id="mixamorig_Spine2-Interpolations-array" count="25">
 LINEAR LINEAR LINEAR LINEAR LINEAR LINEAR LINEAR LINEAR LINEAR LINEAR LINEAR
LINEAR LINEAR LINEAR LINEAR LINEAR LINEAR LINEAR LINEAR LINEAR LINEAR LINEAR LINEAR
LINEAR LINEAR</Name_array><technique_common><accessor source="#mixamorig_Spine2-Interpolations-array" count="25"><param type="name"/></accessor></technique_common></source><sampler id="mixamorig_Spine2-Matrix-animation-transform"><input semantic="INPUT" source="#mixamorig_Spine2-Matrix-animation-input"/><input semantic="OUTPUT" source="#mixamorig_Spine2-Matrix-animation-output-transform"/><input semantic="INTERPOLATION" source="#mixamorig_Spine2-Interpolations"/></sampler><channel source="#mixamorig_Spine2-Matrix-animation-transform" target="mixamorig_Spine2/matrix"/></animation>
    <animation id="mixamorig_Neck-anim" name="mixamorig_Neck"><source id="mixamorig_Neck-Matrix-animation-input"><float_array id="mixamorig_Neck-Matrix-animation-input-array" count="25">

0.000000 0.033333 0.066667 0.100000 0.133333 0.166667 0.200000 0.233333 0.266667 0.300000 0.333333 0.366667 0.400000 0.433333 0.466667 0.500000
0.533333 0.566667 0.600000 0.633333 0.666667 0.700000 0.733333 0.766667 0.800000</float_array><technique_common><accessor source="#mixamorig_Neck-Matrix-animation-input-array" count="25"><param name="TIME" type="float"/></accessor></technique_common></source><source id="mixamorig_Neck-Matrix-animation-output-transform"><float_array id="mixamorig_Neck-Matrix-animation-output-transform-array" count="400">

0.999978 0.001546 -0.006375 0.000000 -0.001466 0.999921 0.012520 15.032500 0.006394 -0.012510 0.999901 0.792900 0.000000 0.000000 0.000000 1.000000
0.999968 -0.004209 -0.006855 0.000000 0.004282 0.999933 0.010734 15.032500 0.006809 -0.010763 0.999919 0.792900 0.000000 0.000000 0.000000 1.000000
0.999962 -0.007039 -0.005096 0.000000 0.007107 0.999884 0.013449 15.032500 0.005000 -0.013484 0.999897 0.792900 0.000000 0.000000 0.000000 1.000000
0.999850 -0.016777 -0.004230 -0.000000 0.016845 0.999722 0.016511 15.032500 0.003952 -0.016580 0.999855 0.792900 0.000000 0.000000 0.000000 1.000000
0.999656 -0.026089 -0.002859 -0.000000 0.026139 0.999478 0.019004 15.032500 0.002362 -0.019072 0.999815 0.792900 0.000000 0.000000 0.000000 1.000000
0.999480 -0.032230 -0.001032 -0.000000 0.032244 0.999308 0.018561 15.032500 0.000433 -0.018585 0.999827 0.792900 0.000000 0.000000 0.000000 1.000000
0.999160 -0.040986 0.000073 0.000000 0.040980 0.999045 0.015148 15.032500 -0.000694 -0.015133 0.999885 0.792900 0.000000 0.000000 0.000000 1.000000
0.998703 -0.050883 0.001872 0.000000 0.050850 0.998600 0.014601 15.032500 -0.002613 -0.014487 0.999892 0.792900 0.000000 0.000000 0.000000 1.000000
0.998103 -0.061406 0.004367 0.000000 0.061336 0.998010 0.014592 15.032500 -0.005255 -0.014296 0.999884 0.792900 0.000000 0.000000 0.000000 1.000000
0.997661 -0.067800 0.008745 -0.000000 0.067606 0.997495 0.020793 15.032500 -0.010132 -0.020153 0.999746 0.792900 0.000000 0.000000 0.000000 1.000000
0.997439 -0.070164 0.013894 0.000000 0.069771 0.997197 0.027008 15.032500 -0.015750 -0.025970 0.999539 0.792900 0.000000 0.000000 0.000000 1.000000
0.997530 -0.067524 0.019362 0.000000 0.066952 0.997341 0.028782 15.032500 -0.021254 -0.027415 0.999398 0.792900 0.000000 0.000000 0.000000 1.000000
0.997894 -0.059954 0.024748 0.000000 0.059382 0.997965 0.023224 15.032500 -0.026090 -0.021706 0.999424 0.792900 0.000000 0.000000 0.000000 1.000000
0.998264 -0.050915 0.029618 0.000000 0.050447 0.998593 0.016356 15.032500 -0.030409 -0.014833 0.999427 0.792900 0.000000 0.000000 0.000000 1.000000
0.998566 -0.041212 0.034162 0.000000 0.040803 0.999088 0.012585 15.032500 -0.034649 -0.011173 0.999337 0.792900 0.000000 0.000000 0.000000 1.000000
0.998804 -0.032035 0.036931 -0.000000 0.031554 0.999410 0.013529 15.032500 -0.037343 -0.012348 0.999226 0.792900 0.000000 0.000000 0.000000 1.000000
0.999055 -0.020312 0.038423 -0.000000 0.019756 0.999695 0.014794 15.032500 -0.038712 -0.014021 0.999152 0.792900 0.000000 0.000000 0.000000 1.000000
0.999193 -0.007929 0.039380 0.000000 0.007582 0.999931 0.008963 15.032500 -0.039448 -0.008657 0.999184 0.792900 0.000000 0.000000 0.000000 1.000000
0.999219 0.000550 0.039506 0.000000 -0.000617 0.999998 0.001686 15.032500 -0.039505 -0.001709 0.999218 0.792900 0.000000 0.000000 0.000000 1.000000
0.999256 0.008255 0.037673 0.000000 -0.008254 0.999966 -0.000172 15.032500 -0.037673 -0.000139 0.999290 0.792900 0.000000 0.000000 0.000000 1.000000
0.999362 0.014730 0.032528 0.000000 -0.014750 0.999891 0.000377 15.032500 -0.032519 -0.000856 0.999471 0.792900 0.000000 0.000000 0.000000 1.000000
0.999556 0.018048 0.023716 -0.000000 -0.018167 0.999823 0.004811 15.032500 -0.023625 -0.005239 0.999707 0.792900 0.000000 0.000000 0.000000 1.000000
0.999754 0.016846 0.014426 0.000000 -0.016992 0.999805 0.010017 15.032500 -0.014255 -0.010260 0.999846 0.792900 0.000000 0.000000 0.000000 1.000000
0.999929 0.010501 0.005544 0.000000 -0.010574 0.999856 0.013267 15.032500 -0.005404 -0.013325 0.999897 0.792900 0.000000 0.000000 0.000000 1.000000
0.999992 0.002754 -0.002921 -0.000000 -0.002715 0.999909 0.013202 15.032500 0.002957 -0.013194 0.999909 0.792900 0.000000 0.000000 0.000000 1.000000</float_array><technique_common><accessor source="#mixamorig_Neck-Matrix-animation-output-transform-array" count="25" stride="16"><param type="float4x4"/></accessor></technique_common></source><source id="mixamorig_Neck-Interpolations"><Name_array id="mixamorig_Neck-Interpolations-array" count="25">
 LINEAR LINEAR LINEAR LINEAR LINEAR LINEAR LINEAR LINEAR LINEAR LINEAR LINEAR
LINEAR LINEAR LINEAR LINEAR LINEAR LINEAR LINEAR LINEAR LINEAR LINEAR LINEAR LINEAR
LINEAR LINEAR</Name_array><technique_common><accessor source="#mixamorig_Neck-Interpolations-array" count="25"><param type="name"/></accessor></technique_common></source><sampler id="mixamorig_Neck-Matrix-animation-transform"><input semantic="INPUT" source="#mixamorig_Neck-Matrix-animation-input"/><input semantic="OUTPUT" source="#mixamorig_Neck-Matrix-animation-output-transform"/><input semantic="INTERPOLATION" source="#mixamorig_Neck-Interpolations"/></sampler><channel source="#mixamorig_Neck-Matrix-animation-transform" target="mixamorig_Neck/matrix"/></animation>
    <animation id="mixamorig_Head-anim" name="mixamorig_Head"><source id="mixamorig_Head-Matrix-animation-input"><float_array id="mixamorig_Head-Matrix-animation-input-array" count="25">

0.000000 0.033333 0.066667 0.100000 0.133333 0.166667 0.200000 0.233333 0.266667 0.300000 0.333333 0.366667 0.400000 0.433333 0.466667 0.500000
0.533333 0.566667 0.600000 0.633333 0.666667 0.700000 0.733333 0.766667 0.800000</float_array><technique_common><accessor source="#mixamorig_Head-Matrix-animation-input-array" count="25"><param name="TIME" type="float"/></accessor></technique_common></source><source id="mixamorig_Head-Matrix-animation-output-transform"><float_array id="mixamorig_Head-Matrix-animation-output-transform-array" count="400">

0.994144 0.085348 -0.066287 0.000000 -0.064030 0.959338 0.274902 10.321800 0.087054 -0.269047 0.959185 3.142400 0.000000 0.000000 0.000000 1.000000
0.993494 0.074311 -0.086299 -0.000000 -0.048839 0.962569 0.266601 10.321800 0.102880 -0.260652 0.959936 3.142400 0.000000 0.000000 0.000000 1.000000
0.993105 0.062406 -0.099238 -0.000000 -0.034472 0.964561 0.261598 10.321800 0.112046 -0.256374 0.960062 3.142400 0.000000 0.000000 0.000000 1.000000
0.992715 0.049687 -0.109761 0.000000 -0.018870 0.963878 0.265674 10.321800 0.118996 -0.261668 0.957794 3.142400 0.000000 0.000000 0.000000 1.000000
0.992431 0.036843 -0.117145 0.000000 -0.002573 0.959963 0.280114 10.321800 0.122775 -0.277693 0.952792 3.142400 0.000000 0.000000 0.000000 1.000000
0.992323 0.025327 -0.121048 0.000000 0.010712 0.957522 0.288160 10.321800 0.123205 -0.287245 0.949901 3.142400 0.000000 0.000000 0.000000 1.000000
0.992353 0.012865 -0.122759 0.000000 0.023801 0.955943 0.292587 10.321800 0.121115 -0.293271 0.948327 3.142400 0.000000 0.000000 0.000000 1.000000
0.992473 0.000366 -0.122461 -0.000000 0.036364 0.954011 0.297559 10.321800 0.116939 -0.299772 0.946817 3.142400 0.000000 0.000000 0.000000 1.000000
0.993288 -0.010853 -0.115158 0.000000 0.045423 0.952210 0.302047 10.321800 0.106377 -0.305250 0.946312 3.142400 0.000000 0.000000 0.000000 1.000000
0.994820 -0.019646 -0.099740 0.000000 0.050515 0.946973 0.317316 10.321800 0.088217 -0.320711 0.943060 3.142400 0.000000 0.000000 0.000000 1.000000
0.996470 -0.026023 -0.079818 0.000000 0.051373 0.940972 0.334563 10.321800 0.066400 -0.337482 0.938987 3.142400 0.000000 0.000000 0.000000 1.000000
0.997962 -0.028793 -0.056944 0.000000 0.046192 0.941660 0.333381 10.321800 0.044023 -0.335332 0.941071 3.142400 0.000000 0.000000 0.000000 1.000000
0.999106 -0.026129 -0.033235 0.000000 0.035175 0.949885 0.310614 10.321800 0.023453 -0.311506 0.949955 3.142400 0.000000 0.000000 0.000000 1.000000
0.999770 -0.018724 -0.010443 -0.000000 0.020856 0.962220 0.271474 10.321800 0.004965 -0.271629 0.962389 3.142400 0.000000 0.000000 0.000000 1.000000
0.999910 -0.008124 0.010666 0.000000 0.005371 0.971611 0.236524 10.321800 -0.012285 -0.236445 0.971567 3.142400 0.000000 0.000000 0.000000 1.000000
0.999594 0.004256 0.028164 0.000000 -0.010510 0.974112 0.225823 10.321800 -0.026474 -0.226028 0.973761 3.142400 0.000000 0.000000 0.000000 1.000000
0.998904 0.019686 0.042454 0.000000 -0.028630 0.974703 0.221662 10.321800 -0.037017 -0.222635 0.974199 3.142400 0.000000 0.000000 0.000000 1.000000
0.997906 0.037592 0.052641 0.000000 -0.047953 0.976097 0.211977 10.321800 -0.043414 -0.214058 0.975856 3.142400 0.000000 0.000000 0.000000 1.000000
0.996777 0.056097 0.057347 0.000000 -0.066682 0.976793 0.203542 10.321800 -0.044599 -0.206710 0.977385 3.142400 0.000000 0.000000 0.000000 1.000000
0.995763 0.073952 0.054652 0.000000 -0.083671 0.975200 0.204902 10.321800 -0.038143 -0.208607 0.977255 3.142400 0.000000 0.000000 0.000000 1.000000
0.994990 0.090894 0.041637 0.000000 -0.098022 0.968869 0.227343 10.321800 -0.019677 -0.230285 0.972924 3.142400 0.000000 0.000000 0.000000 1.000000
0.994079 0.106703 0.020510 0.000000 -0.108345 0.959122 0.261433 10.321800 0.008224 -0.262107 0.965004 3.142400 0.000000 0.000000 0.000000 1.000000
0.993213 0.116223 -0.004391 0.000000 -0.110158 0.952156 0.285069 10.321800 0.037313 -0.282651 0.958497 3.142400 0.000000 0.000000 0.000000 1.000000
0.992911 0.114667 -0.031282 0.000000 -0.100946 0.952490 0.287355 10.321800 0.062746 -0.282160 0.957313 3.142400 0.000000 0.000000 0.000000 1.000000
0.993753 0.096444 -0.056149 -0.000000 -0.077089 0.957045 0.279503 10.321800 0.080693 -0.273429 0.958502 3.142400 0.000000 0.000000 0.000000 1.000000</float_array><technique_common><accessor source="#mixamorig_Head-Matrix-animation-output-transform-array" count="25" stride="16"><param type="float4x4"/></accessor></technique_common></source><source id="mixamorig_Head-Interpolations"><Name_array id="mixamorig_Head-Interpolations-array" count="25">
 LINEAR LINEAR LINEAR LINEAR LINEAR LINEAR LINEAR LINEAR LINEAR LINEAR LINEAR
LINEAR LINEAR LINEAR LINEAR LINEAR LINEAR LINEAR LINEAR LINEAR LINEAR LINEAR LINEAR
LINEAR LINEAR</Name_array><technique_common><accessor source="#mixamorig_Head-Interpolations-array" count="25"><param type="name"/></accessor></technique_common></source><sampler id="mixamorig_Head-Matrix-animation-transform"><input semantic="INPUT" source="#mixamorig_Head-Matrix-animation-input"/><input semantic="OUTPUT" source="#mixamorig_Head-Matrix-animation-output-transform"/><input semantic="INTERPOLATION" source="#mixamorig_Head-Interpolations"/></sampler><channel source="#mixamorig_Head-Matrix-animation-transform" target="mixamorig_Head/matrix"/></animation>
    <animation id="mixamorig_LeftShoulder-anim" name="mixamorig_LeftShoulder"><source id="mixamorig_LeftShoulder-Matrix-animation-input"><float_array id="mixamorig_LeftShoulder-Matrix-animation-input-array" count="25">

0.000000 0.033333 0.066667 0.100000 0.133333 0.166667 0.200000 0.233333 0.266667 0.300000 0.333333 0.366667 0.400000 0.433333 0.466667 0.500000
0.533333 0.566667 0.600000 0.633333 0.666667 0.700000 0.733333 0.766667 0.800000</float_array><technique_common><accessor source="#mixamorig_LeftShoulder-Matrix-animation-input-array" count="25"><param name="TIME" type="float"/></accessor></technique_common></source><source id="mixamorig_LeftShoulder-Matrix-animation-output-transform"><float_array id="mixamorig_LeftShoulder-Matrix-animation-output-transform-array" count="400">

0.986912 0.140100 0.079853 6.105800 -0.136849 0.989576 -0.044851 9.110400 -0.085304 0.033336 0.995797 0.705600 0.000000 0.000000 0.000000 1.000000
0.980723 0.140431 0.135871 6.105800 -0.135160 0.989693 -0.047317 9.110400 -0.141115 0.028041 0.989596 0.705600 0.000000 0.000000 0.000000 1.000000
0.966046 0.158283 0.204212 6.105800 -0.150373 0.987165 -0.053786 9.110400 -0.210104 0.021252 0.977448 0.705600 0.000000 0.000000 0.000000 1.000000
0.950102 0.157128 0.269476 6.105800 -0.147208 0.987475 -0.056768 9.110400 -0.275020 0.014267 0.961333 0.705600 0.000000 0.000000 0.000000 1.000000
0.936570 0.157102 0.313298 6.105800 -0.145991 0.987539 -0.058773 9.110400 -0.318628 0.009307 0.947834 0.705600 0.000000 0.000000 0.000000 1.000000
0.935514 0.166702 0.311488 6.105800 -0.155172 0.985963 -0.061627 9.110400 -0.317389 0.009318 0.948250 0.705600 0.000000 0.000000 0.000000 1.000000
0.944560 0.162687 0.285201 6.105800 -0.152393 0.986612 -0.058081 9.110400 -0.290832 0.011398 0.956706 0.705600 0.000000 0.000000 0.000000 1.000000
0.958118 0.150749 0.243485 6.105800 -0.142643 0.988475 -0.050694 9.110400 -0.248321 0.013840 0.968579 0.705600 0.000000 0.000000 0.000000 1.000000
0.971615 0.141589 0.189518 6.105800 -0.135784 0.989790 -0.043338 9.110400 -0.193719 0.016374 0.980920 0.705600 0.000000 0.000000 0.000000 1.000000
0.980584 0.150234 0.126032 6.105800 -0.146508 0.988464 -0.038384 9.110400 -0.130345 0.019174 0.991283 0.705600 0.000000 0.000000 0.000000 1.000000
0.988208 0.147774 0.040098 6.105800 -0.146657 0.988747 -0.029530 9.110400 -0.044011 0.023301 0.998759 0.705600 0.000000 0.000000 0.000000 1.000000
0.991423 0.126479 -0.032928 6.105800 -0.127190 0.991667 -0.020461 9.110400 0.030065 0.024473 0.999248 0.705600 0.000000 0.000000 0.000000 1.000000
0.990570 0.096009 -0.097742 6.105800 -0.097860 0.995097 -0.014317 9.110400 0.095888 0.023747 0.995109 0.705600 0.000000 0.000000 0.000000 1.000000
0.986375 0.056117 -0.154647 6.105800 -0.058924 0.998170 -0.013624 9.110400 0.153600 0.022550 0.987876 0.705600 0.000000 0.000000 0.000000 1.000000
0.982980 0.018466 -0.182783 6.105800 -0.022107 0.999595 -0.017906 9.110400 0.182379 0.021642 0.982990 0.705600 0.000000 0.000000 0.000000 1.000000
0.982220 -0.010961 -0.187412 6.105800 0.006711 0.999706 -0.023292 9.110400 0.187613 0.021620 0.982005 0.705600 0.000000 0.000000 0.000000 1.000000
0.984530 -0.014530 -0.174611 6.105800 0.010373 0.999641 -0.024697 9.110400 0.174907 0.022503 0.984328 0.705600 0.000000 0.000000 0.000000 1.000000
0.989425 0.001896 -0.145032 6.105800 -0.005329 0.999715 -0.023289 9.110400 0.144946 0.023815 0.989153 0.705600 0.000000 0.000000 0.000000 1.000000
0.994455 0.018261 -0.103567 6.105800 -0.020745 0.999521 -0.022961 9.110400 0.103098 0.024982 0.994357 0.705600 0.000000 0.000000 0.000000 1.000000
0.997081 0.050908 -0.056900 6.105800 -0.052337 0.998343 -0.023916 9.110400 0.055588 0.026824 0.998093 0.705600 0.000000 0.000000 0.000000 1.000000
0.994873 0.097561 -0.026646 6.105800 -0.098294 0.994770 -0.027763 9.110400 0.023798 0.030240 0.999259 0.705600 0.000000 0.000000 0.000000 1.000000
0.990762 0.135593 -0.002152 6.105800 -0.135587 0.990179 -0.034081 9.110400 -0.002490 0.034058 0.999417 0.705600 0.000000 0.000000 0.000000 1.000000
0.987070 0.157981 0.027105 6.105800 -0.156834 0.986806 -0.040219 9.110400 -0.033101 0.035448 0.998823 0.705600 0.000000 0.000000 0.000000 1.000000
0.984768 0.166473 0.050189 6.105800 -0.164364 0.985436 -0.043602 9.110400 -0.056716 0.034689 0.997788 0.705600 0.000000 0.000000 0.000000 1.000000
0.985961 0.150649 0.072008 6.105800 -0.147697 0.988021 -0.044730 9.110400 -0.077884 0.033466 0.996401 0.705600 0.000000 0.000000 0.000000 1.000000</float_array><technique_common><accessor source="#mixamorig_LeftShoulder-Matrix-animation-output-transform-array" count="25" stride="16"><param type="float4x4"/></accessor></technique_common></source><source id="mixamorig_LeftShoulder-Interpolations"><Name_array id="mixamorig_LeftShoulder-Interpolations-array" count="25">
 LINEAR LINEAR LINEAR LINEAR LINEAR LINEAR LINEAR LINEAR LINEAR LINEAR LINEAR
LINEAR LINEAR LINEAR LINEAR LINEAR LINEAR LINEAR LINEAR LINEAR LINEAR LINEAR LINEAR
LINEAR LINEAR</Name_array><technique_common><accessor source="#mixamorig_LeftShoulder-Interpolations-array" count="25"><param type="name"/></accessor></technique_common></source><sampler id="mixamorig_LeftShoulder-Matrix-animation-transform"><input semantic="INPUT" source="#mixamorig_LeftShoulder-Matrix-animation-input"/><input semantic="OUTPUT" source="#mixamorig_LeftShoulder-Matrix-animation-output-transform"/><input semantic="INTERPOLATION" source="#mixamorig_LeftShoulder-Interpolations"/></sampler><channel source="#mixamorig_LeftShoulder-Matrix-animation-transform" target="mixamorig_LeftShoulder/matrix"/></animation>
    <animation id="mixamorig_LeftArm-anim" name="mixamorig_LeftArm"><source id="mixamorig_LeftArm-Matrix-animation-input"><float_array id="mixamorig_LeftArm-Matrix-animation-input-array" count="25">

0.000000 0.033333 0.066667 0.100000 0.133333 0.166667 0.200000 0.233333 0.266667 0.300000 0.333333 0.366667 0.400000 0.433333 0.466667 0.500000
0.533333 0.566667 0.600000 0.633333 0.666667 0.700000 0.733333 0.766667 0.800000</float_array><technique_common><accessor source="#mixamorig_LeftArm-Matrix-animation-input-array" count="25"><param name="TIME" type="float"/></accessor></technique_common></source><source id="mixamorig_LeftArm-Matrix-animation-output-transform"><float_array id="mixamorig_LeftArm-Matrix-animation-output-transform-array" count="400">

