<?xml version="1.0" encoding="utf-8"?>
<COLLADA xmlns="http://www.collada.org/2005/11/COLLADASchema" version="1.4.1">
  <asset><contributor><author>Mixamo</author><authoring_tool>COLLADA Mixamo exporter</authoring_tool><comments></comments></contributor><created>2019-05-29T02:02:57Z</created><modified>2019-05-29T02:02:57Z</modified><revision></revision><title></title><unit meter="0.010000"/><up_axis>Y_UP</up_axis></asset>
  <library_animations>
    <animation id="mixamorig_Hips-anim" name="mixamorig_Hips"><source id="mixamorig_Hips-Matrix-animation-input"><float_array id="mixamorig_Hips-Matrix-animation-input-array" count="24">

0.000000 0.033333 0.066667 0.100000 0.133333 0.166667 0.200000 0.233333 0.266667 0.300000 0.333333 0.366667 0.400000 0.433333 0.466667 0.500000
0.533333 0.566667 0.600000 0.633333 0.666667 0.700000 0.733333 0.766667</float_array><technique_common><accessor source="#mixamorig_Hips-Matrix-animation-input-array" count="24"><param name="TIME" type="float"/></accessor></technique_common></source><source id="mixamorig_Hips-Matrix-animation-output-transform"><float_array id="mixamorig_Hips-Matrix-animation-output-transform-array" count="384">

0.988947 -0.091289 -0.116832 -0.237258 0.086258 0.995143 -0.047428 93.967484 0.120595 0.036826 0.992019 0.010707 0.000000 0.000000 0.000000 1.000000
0.987212 -0.086354 -0.133998 -0.015473 0.084495 0.996233 -0.019513 91.095215 0.135178 0.007941 0.990790 -0.641925 0.000000 0.000000 0.000000 1.000000
0.986814 -0.067450 -0.147134 0.015195 0.069958 0.997479 0.011934 90.016548 0.145958 -0.022070 0.989045 -0.448690 0.000000 0.000000 0.000000 1.000000
0.985247 -0.050768 -0.163436 -0.219251 0.057398 0.997699 0.036099 91.252426 0.161227 -0.044947 0.985893 0.740438 0.000000 0.000000 0.000000 1.000000
0.983905 -0.041873 -0.173718 -0.679017 0.049302 0.998035 0.038668 94.330353 0.171757 -0.046611 0.984036 2.261514 0.000000 0.000000 0.000000 1.000000
0.983024 -0.040686 -0.178911 -1.009439 0.045596 0.998686 0.023412 97.488106 0.177724 -0.031173 0.983587 5.500830 0.000000 0.000000 0.000000 1.000000
0.980424 -0.038908 -0.193014 -1.180523 0.039262 0.999227 -0.001991 100.014954 0.192943 -0.005626 0.981194 8.536804 0.000000 0.000000 0.000000 1.000000
0.974022 -0.035604 -0.223636 -1.044182 0.031480 0.999263 -0.021983 102.781265 0.224254 0.014371 0.974425 8.875906 0.000000 0.000000 0.000000 1.000000
0.964892 -0.027963 -0.261153 -0.512547 0.021143 0.999359 -0.028889 103.194092 0.261794 0.022353 0.964865 7.039939 0.000000 0.000000 0.000000 1.000000
0.964757 -0.015688 -0.262675 0.003850 0.008765 0.999583 -0.027505 101.361031 0.262997 0.024233 0.964492 5.406628 0.000000 0.000000 0.000000 1.000000
0.972194 -0.002346 -0.234166 0.107929 -0.002471 0.999791 -0.020275 99.264252 0.234165 0.020290 0.971985 3.943896 0.000000 0.000000 0.000000 1.000000
0.980283 0.007988 -0.197436 0.152272 -0.010305 0.999890 -0.010710 97.325073 0.197329 0.012533 0.980257 3.710460 0.000000 0.000000 0.000000 1.000000
0.986529 0.009974 -0.163282 -0.059391 -0.008330 0.999908 0.010750 95.439186 0.163374 -0.009245 0.986521 3.823709 0.000000 0.000000 0.000000 1.000000
0.989416 0.004761 -0.145028 -0.511668 -0.000001 0.999462 0.032805 93.952484 0.145106 -0.032457 0.988884 4.759502 0.000000 0.000000 0.000000 1.000000
0.989275 -0.007521 -0.145870 -0.829131 0.015660 0.998378 0.054731 93.313675 0.145221 -0.056429 0.987789 6.028576 0.000000 0.000000 0.000000 1.000000
0.989689 -0.017369 -0.142177 -0.964772 0.026573 0.997653 0.063098 93.655640 0.140748 -0.066226 0.987828 7.600170 0.000000 0.000000 0.000000 1.000000
0.991192 -0.017533 -0.131268 -0.627888 0.023207 0.998856 0.041817 96.315125 0.130384 -0.044495 0.990465 7.178345 0.000000 0.000000 0.000000 1.000000
0.990205 -0.002634 -0.139593 -0.511257 0.004243 0.999928 0.011232 98.518028 0.139553 -0.011714 0.990145 7.645289 0.000000 0.000000 0.000000 1.000000
0.988697 -0.004634 -0.149855 -0.423673 0.000728 0.999659 -0.026112 100.045372 0.149925 0.025708 0.988363 7.723332 0.000000 0.000000 0.000000 1.000000
0.989453 -0.034012 -0.140805 -0.351650 0.026261 0.998055 -0.056545 101.262512 0.142455 0.052251 0.988421 5.240790 0.000000 0.000000 0.000000 1.000000
0.988566 -0.059167 -0.138699 -0.408354 0.049797 0.996297 -0.070083 99.636848 0.142332 0.062375 0.987852 4.045800 0.000000 0.000000 0.000000 1.000000
0.986322 -0.082581 -0.142652 -0.579047 0.073138 0.994846 -0.070228 98.260742 0.147716 0.058834 0.987278 3.770854 0.000000 0.000000 0.000000 1.000000
0.986545 -0.092593 -0.134745 -0.668712 0.084199 0.994212 -0.066730 96.532066 0.140144 0.054486 0.988631 2.897683 0.000000 0.000000 0.000000 1.000000
0.988775 -0.091150 -0.118387 -0.505020 0.085103 0.994843 -0.055174 94.656334 0.122805 0.044480 0.991434 0.956404 0.000000 0.000000 0.000000 1.000000</float_array><technique_common><accessor source="#mixamorig_Hips-Matrix-animation-output-transform-array" count="24" stride="16"><param type="float4x4"/></accessor></technique_common></source><source id="mixamorig_Hips-Interpolations"><Name_array id="mixamorig_Hips-Interpolations-array" count="24">
 LINEAR LINEAR LINEAR LINEAR LINEAR LINEAR LINEAR LINEAR LINEAR LINEAR LINEAR
LINEAR LINEAR LINEAR LINEAR LINEAR LINEAR LINEAR LINEAR LINEAR LINEAR LINEAR LINEAR
LINEAR</Name_array><technique_common><accessor source="#mixamorig_Hips-Interpolations-array" count="24"><param type="name"/></accessor></technique_common></source><sampler id="mixamorig_Hips-Matrix-animation-transform"><input semantic="INPUT" source="#mixamorig_Hips-Matrix-animation-input"/><input semantic="OUTPUT" source="#mixamorig_Hips-Matrix-animation-output-transform"/><input semantic="INTERPOLATION" source="#mixamorig_Hips-Interpolations"/></sampler><channel source="#mixamorig_Hips-Matrix-animation-transform" target="mixamorig_Hips/matrix"/></animation>
    <animation id="mixamorig_Spine-anim" name="mixamorig_Spine"><source id="mixamorig_Spine-Matrix-animation-input"><float_array id="mixamorig_Spine-Matrix-animation-input-array" count="24">

0.000000 0.033333 0.066667 0.100000 0.133333 0.166667 0.200000 0.233333 0.266667 0.300000 0.333333 0.366667 0.400000 0.433333 0.466667 0.500000
0.533333 0.566667 0.600000 0.633333 0.666667 0.700000 0.733333 0.766667</float_array><technique_common><accessor source="#mixamorig_Spine-Matrix-animation-input-array" count="24"><param name="TIME" type="float"/></accessor></technique_common></source><source id="mixamorig_Spine-Matrix-animation-output-transform"><float_array id="mixamorig_Spine-Matrix-animation-output-transform-array" count="384">

0.998086 0.050960 -0.035043 0.000000 -0.056307 0.983126 -0.174046 9.923500 0.025583 0.175686 0.984114 -1.227300 0.000000 0.000000 0.000000 1.000000
0.996993 0.049374 -0.059730 0.000000 -0.062797 0.966372 -0.249363 9.923500 0.045409 0.252364 0.966566 -1.227300 0.000000 0.000000 0.000000 1.000000
0.996517 0.038689 -0.073871 0.000000 -0.059180 0.952218 -0.299630 9.923500 0.058749 0.302958 0.951191 -1.227300 0.000000 0.000000 0.000000 1.000000
0.996456 0.030929 -0.078221 0.000000 -0.054162 0.947431 -0.315343 9.923500 0.064356 0.318462 0.945748 -1.227300 0.000000 0.000000 0.000000 1.000000
0.995523 0.029350 -0.089851 -0.000000 -0.055592 0.950592 -0.305425 9.923500 0.076447 0.309053 0.947967 -1.227300 0.000000 0.000000 0.000000 1.000000
0.995409 0.009053 -0.095281 0.000000 -0.024968 0.985608 -0.167194 9.923500 0.092396 0.168806 0.981309 -1.227300 0.000000 0.000000 0.000000 1.000000
0.996317 -0.010274 -0.085128 0.000000 0.008302 0.999690 -0.023489 9.923500 0.085343 0.022695 0.996093 -1.227300 0.000000 0.000000 0.000000 1.000000
0.997514 -0.017038 -0.068374 0.000000 0.016974 0.999855 -0.001516 9.923500 0.068390 0.000352 0.997659 -1.227300 0.000000 0.000000 0.000000 1.000000
0.998264 -0.014443 -0.057104 0.000000 0.010992 0.998120 -0.060290 9.923500 0.057867 0.059557 0.996546 -1.227300 0.000000 0.000000 0.000000 1.000000
0.998155 -0.012038 -0.059507 -0.000000 0.005358 0.993788 -0.111165 9.923500 0.060476 0.110641 0.992019 -1.227300 0.000000 0.000000 0.000000 1.000000
0.998365 -0.002262 -0.057117 0.000000 -0.006766 0.987518 -0.157362 9.923500 0.056760 0.157491 0.985888 -1.227300 0.000000 0.000000 0.000000 1.000000
0.999013 -0.010633 -0.043125 -0.000000 0.003824 0.987911 -0.154976 9.923500 0.044252 0.154658 0.986977 -1.227300 0.000000 0.000000 0.000000 1.000000
0.999821 -0.003270 -0.018617 -0.000000 0.000245 0.987079 -0.160235 9.923500 0.018901 0.160202 0.986903 -1.227300 0.000000 0.000000 0.000000 1.000000
0.999841 0.017298 0.004416 -0.000000 -0.016463 0.989037 -0.146749 9.923500 -0.006906 0.146653 0.989164 -1.227300 0.000000 0.000000 0.000000 1.000000
0.998850 0.036980 0.030502 0.000000 -0.032891 0.991597 -0.125116 9.923500 -0.034872 0.123969 0.991673 -1.227300 0.000000 0.000000 0.000000 1.000000
0.997829 0.044518 0.048526 0.000000 -0.039969 0.995048 -0.091003 9.923500 -0.052337 0.088866 0.994668 -1.227300 0.000000 0.000000 0.000000 1.000000
0.997930 0.023849 0.059730 -0.000000 -0.017798 0.994843 -0.099856 9.923500 -0.061804 0.098586 0.993207 -1.227300 0.000000 0.000000 0.000000 1.000000
0.996771 0.004440 0.080178 0.000000 -0.000310 0.998675 -0.051454 9.923500 -0.080301 0.051264 0.995452 -1.227300 0.000000 0.000000 0.000000 1.000000
0.995928 -0.009671 0.089631 -0.000000 0.011118 0.999816 -0.015655 9.923500 -0.089463 0.016588 0.995852 -1.227300 0.000000 0.000000 0.000000 1.000000
0.996803 0.012836 0.078858 0.000000 -0.007053 0.997294 -0.073179 9.923500 -0.079584 0.072389 0.994196 -1.227300 0.000000 0.000000 0.000000 1.000000
0.997143 0.031347 0.068732 -0.000000 -0.025541 0.996157 -0.083779 9.923500 -0.071094 0.081784 0.994111 -1.227300 0.000000 0.000000 0.000000 1.000000
0.997342 0.046355 0.056215 -0.000000 -0.043129 0.997425 -0.057295 9.923500 -0.058726 0.054718 0.996773 -1.227300 0.000000 0.000000 0.000000 1.000000
0.998288 0.053135 0.024464 0.000000 -0.051518 0.996711 -0.062556 9.923500 -0.027708 0.061188 0.997742 -1.227300 0.000000 0.000000 0.000000 1.000000
0.998481 0.052455 -0.016871 0.000000 -0.054211 0.989989 -0.130320 9.923500 0.009866 0.131037 0.991328 -1.227300 0.000000 0.000000 0.000000 1.000000</float_array><technique_common><accessor source="#mixamorig_Spine-Matrix-animation-output-transform-array" count="24" stride="16"><param type="float4x4"/></accessor></technique_common></source><source id="mixamorig_Spine-Interpolations"><Name_array id="mixamorig_Spine-Interpolations-array" count="24">
 LINEAR LINEAR LINEAR LINEAR LINEAR LINEAR LINEAR LINEAR LINEAR LINEAR LINEAR
LINEAR LINEAR LINEAR LINEAR LINEAR LINEAR LINEAR LINEAR LINEAR LINEAR LINEAR LINEAR
LINEAR</Name_array><technique_common><accessor source="#mixamorig_Spine-Interpolations-array" count="24"><param type="name"/></accessor></technique_common></source><sampler id="mixamorig_Spine-Matrix-animation-transform"><input semantic="INPUT" source="#mixamorig_Spine-Matrix-animation-input"/><input semantic="OUTPUT" source="#mixamorig_Spine-Matrix-animation-output-transform"/><input semantic="INTERPOLATION" source="#mixamorig_Spine-Interpolations"/></sampler><channel source="#mixamorig_Spine-Matrix-animation-transform" target="mixamorig_Spine/matrix"/></animation>
    <animation id="mixamorig_Spine1-anim" name="mixamorig_Spine1"><source id="mixamorig_Spine1-Matrix-animation-input"><float_array id="mixamorig_Spine1-Matrix-animation-input-array" count="24">

0.000000 0.033333 0.066667 0.100000 0.133333 0.166667 0.200000 0.233333 0.266667 0.300000 0.333333 0.366667 0.400000 0.433333 0.466667 0.500000
0.533333 0.566667 0.600000 0.633333 0.666667 0.700000 0.733333 0.766667</float_array><technique_common><accessor source="#mixamorig_Spine1-Matrix-animation-input-array" count="24"><param name="TIME" type="float"/></accessor></technique_common></source><source id="mixamorig_Spine1-Matrix-animation-output-transform"><float_array id="mixamorig_Spine1-Matrix-animation-output-transform-array" count="384">

0.997389 0.013499 0.070947 -0.000100 -0.012572 0.999830 -0.013491 11.645400 -0.071117 0.012563 0.997389 -1.422300 0.000000 0.000000 0.000000 1.000000
0.998089 0.004664 0.061621 -0.000100 -0.005036 0.999970 0.005881 11.645400 -0.061592 -0.006180 0.998082 -1.422300 0.000000 0.000000 0.000000 1.000000
0.998465 -0.007032 0.054946 -0.000100 0.005536 0.999611 0.027323 11.645400 -0.055117 -0.026977 0.998115 -1.422300 0.000000 0.000000 0.000000 1.000000
0.998534 -0.014385 0.052175 -0.000100 0.012072 0.998942 0.044368 11.645400 -0.052758 -0.043673 0.997652 -1.422300 0.000000 0.000000 0.000000 1.000000
0.998783 -0.013380 0.047473 -0.000100 0.010592 0.998232 0.058492 11.645400 -0.048171 -0.057918 0.997158 -1.422300 0.000000 0.000000 0.000000 1.000000
0.999125 0.006617 0.041291 -0.000100 -0.007362 0.999812 0.017920 11.645400 -0.041164 -0.018209 0.998986 -1.422300 0.000000 0.000000 0.000000 1.000000
0.998902 0.022296 0.041195 -0.000100 -0.021042 0.999309 -0.030623 11.645400 -0.041849 0.029722 0.998682 -1.422300 0.000000 0.000000 0.000000 1.000000
0.998632 0.020456 0.048117 -0.000100 -0.018724 0.999170 -0.036177 11.645400 -0.048817 0.035227 0.998186 -1.422300 0.000000 0.000000 0.000000 1.000000
0.998449 0.010196 0.054738 -0.000100 -0.009235 0.999799 -0.017769 11.645400 -0.054908 0.017236 0.998343 -1.422300 0.000000 0.000000 0.000000 1.000000
0.998495 -0.001417 0.054825 -0.000100 0.001516 0.999997 -0.001769 11.645400 -0.054822 0.001850 0.998494 -1.422300 0.000000 0.000000 0.000000 1.000000
0.998309 -0.011572 0.056960 -0.000100 0.010865 0.999860 0.012710 11.645400 -0.057099 -0.012070 0.998296 -1.422300 0.000000 0.000000 0.000000 1.000000
0.998049 -0.007253 0.062013 -0.000100 0.007205 0.999974 0.001012 11.645400 -0.062018 -0.000563 0.998075 -1.422300 0.000000 0.000000 0.000000 1.000000
0.997315 -0.002191 0.073196 -0.000100 0.003154 0.999910 -0.013044 11.645400 -0.073161 0.013240 0.997232 -1.422300 0.000000 0.000000 0.000000 1.000000
0.996378 0.001794 0.085018 -0.000100 0.001098 0.999423 -0.033954 11.645400 -0.085030 0.033924 0.995801 -1.422300 0.000000 0.000000 0.000000 1.000000
0.995212 0.010120 0.097217 -0.000100 -0.005086 0.998640 -0.051886 11.645400 -0.097609 0.051143 0.993910 -1.422300 0.000000 0.000000 0.000000 1.000000
0.994360 0.015972 0.104846 -0.000100 -0.009729 0.998164 -0.059787 11.645400 -0.105609 0.058430 0.992690 -1.422300 0.000000 0.000000 0.000000 1.000000
0.993888 0.020585 0.108457 -0.000100 -0.016921 0.999258 -0.034595 11.645400 -0.109089 0.032548 0.993499 -1.422300 0.000000 0.000000 0.000000 1.000000
0.993107 0.009891 0.116793 -0.000100 -0.005443 0.999250 -0.038345 11.645400 -0.117085 0.037445 0.992416 -1.422300 0.000000 0.000000 0.000000 1.000000
0.992641 0.008349 0.120807 -0.000100 -0.002967 0.998998 -0.044663 11.645400 -0.121059 0.043976 0.991671 -1.422300 0.000000 0.000000 0.000000 1.000000
0.992953 0.015558 0.117481 -0.000100 -0.013420 0.999730 -0.018968 11.645400 -0.117745 0.017258 0.992894 -1.422300 0.000000 0.000000 0.000000 1.000000
0.993310 0.020405 0.113662 -0.000100 -0.018465 0.999666 -0.018098 11.645400 -0.113994 0.015879 0.993355 -1.422300 0.000000 0.000000 0.000000 1.000000
0.993806 0.023651 0.108581 -0.000100 -0.019768 0.999131 -0.036697 11.645400 -0.109355 0.034323 0.993410 -1.422300 0.000000 0.000000 0.000000 1.000000
0.995226 0.022878 0.094882 -0.000100 -0.019111 0.999000 -0.040430 11.645400 -0.095712 0.038423 0.994667 -1.422300 0.000000 0.000000 0.000000 1.000000
0.996802 0.016759 0.078137 -0.000100 -0.014944 0.999606 -0.023756 11.645400 -0.078505 0.022512 0.996660 -1.422300 0.000000 0.000000 0.000000 1.000000</float_array><technique_common><accessor source="#mixamorig_Spine1-Matrix-animation-output-transform-array" count="24" stride="16"><param type="float4x4"/></accessor></technique_common></source><source id="mixamorig_Spine1-Interpolations"><Name_array id="mixamorig_Spine1-Interpolations-array" count="24">
 LINEAR LINEAR LINEAR LINEAR LINEAR LINEAR LINEAR LINEAR LINEAR LINEAR LINEAR
LINEAR LINEAR LINEAR LINEAR LINEAR LINEAR LINEAR LINEAR LINEAR LINEAR LINEAR LINEAR
LINEAR</Name_array><technique_common><accessor source="#mixamorig_Spine1-Interpolations-array" count="24"><param type="name"/></accessor></technique_common></source><sampler id="mixamorig_Spine1-Matrix-animation-transform"><input semantic="INPUT" source="#mixamorig_Spine1-Matrix-animation-input"/><input semantic="OUTPUT" source="#mixamorig_Spine1-Matrix-animation-output-transform"/><input semantic="INTERPOLATION" source="#mixamorig_Spine1-Interpolations"/></sampler><channel source="#mixamorig_Spine1-Matrix-animation-transform" target="mixamorig_Spine1/matrix"/></animation>
    <animation id="mixamorig_Spine2-anim" name="mixamorig_Spine2"><source id="mixamorig_Spine2-Matrix-animation-input"><float_array id="mixamorig_Spine2-Matrix-animation-input-array" count="24">

0.000000 0.033333 0.066667 0.100000 0.133333 0.166667 0.200000 0.233333 0.266667 0.300000 0.333333 0.366667 0.400000 0.433333 0.466667 0.500000
0.533333 0.566667 0.600000 0.633333 0.666667 0.700000 0.733333 0.766667</float_array><technique_common><accessor source="#mixamorig_Spine2-Matrix-animation-input-array" count="24"><param name="TIME" type="float"/></accessor></technique_common></source><source id="mixamorig_Spine2-Matrix-animation-output-transform"><float_array id="mixamorig_Spine2-Matrix-animation-output-transform-array" count="384">

0.999944 -0.003235 -0.010078 0.000100 0.003153 0.999962 -0.008146 13.360200 0.010104 0.008113 0.999916 -1.626500 0.000000 0.000000 0.000000 1.000000
0.999747 -0.010789 -0.019734 0.000100 0.011003 0.999882 0.010748 13.360200 0.019615 -0.010962 0.999748 -1.626500 0.000000 0.000000 0.000000 1.000000
0.999415 -0.021779 -0.026376 0.000100 0.022605 0.999250 0.031433 13.360200 0.025671 -0.032011 0.999158 -1.626500 0.000000 0.000000 0.000000 1.000000
0.999112 -0.029124 -0.030441 0.000100 0.030563 0.998383 0.047920 13.360200 0.028996 -0.048808 0.998387 -1.626500 0.000000 0.000000 0.000000 1.000000
0.998989 -0.027868 -0.035268 0.000100 0.030019 0.997624 0.062012 13.360200 0.033456 -0.063008 0.997452 -1.626500 0.000000 0.000000 0.000000 1.000000
0.999143 -0.009274 -0.040332 0.000100 0.010184 0.999697 0.022399 13.360200 0.040112 -0.022791 0.998935 -1.626500 0.000000 0.000000 0.000000 1.000000
0.999190 0.005153 -0.039907 0.000100 -0.006499 0.999412 -0.033673 13.360200 0.039710 0.033905 0.998636 -1.626500 0.000000 0.000000 0.000000 1.000000
0.999449 0.003199 -0.033045 0.000100 -0.004380 0.999352 -0.035725 13.360200 0.032909 0.035850 0.998815 -1.626500 0.000000 0.000000 0.000000 1.000000
0.999623 -0.006662 -0.026640 0.000100 0.006310 0.999892 -0.013299 13.360200 0.026726 0.013126 0.999557 -1.626500 0.000000 0.000000 0.000000 1.000000
0.999486 -0.018120 -0.026446 0.000100 0.018179 0.999833 0.001976 13.360200 0.026406 -0.002455 0.999648 -1.626500 0.000000 0.000000 0.000000 1.000000
0.999323 -0.027788 -0.024116 0.000100 0.028178 0.999475 0.016000 13.360200 0.023659 -0.016669 0.999581 -1.626500 0.000000 0.000000 0.000000 1.000000
0.999467 -0.027191 -0.018088 0.000100 0.027360 0.999584 0.009146 13.360200 0.017831 -0.009636 0.999795 -1.626500 0.000000 0.000000 0.000000 1.000000
0.999733 -0.022014 -0.006983 0.000100 0.021950 0.999717 -0.009166 13.360200 0.007183 0.009010 0.999934 -1.626500 0.000000 0.000000 0.000000 1.000000
0.999863 -0.015989 0.004204 0.000100 0.016106 0.999432 -0.029614 13.360200 -0.003728 0.029678 0.999553 -1.626500 0.000000 0.000000 0.000000 1.000000
0.999822 -0.008728 0.016737 0.000100 0.009506 0.998850 -0.046993 13.360200 -0.016308 0.047144 0.998755 -1.626500 0.000000 0.000000 0.000000 1.000000
0.999721 -0.000219 0.023626 0.000100 0.001509 0.998508 -0.054592 13.360200 -0.023579 0.054613 0.998229 -1.626500 0.000000 0.000000 0.000000 1.000000
0.999593 0.002430 0.028435 0.000100 -0.001587 0.999560 -0.029616 13.360200 -0.028495 0.029558 0.999157 -1.626500 0.000000 0.000000 0.000000 1.000000
0.999263 -0.010403 0.036960 0.000100 0.011646 0.999369 -0.033555 13.360200 -0.036588 0.033961 0.998753 -1.626500 0.000000 0.000000 0.000000 1.000000
0.999111 -0.012256 0.040337 0.000100 0.013866 0.999108 -0.039886 13.360200 -0.039812 0.040410 0.998390 -1.626500 0.000000 0.000000 0.000000 1.000000
0.999311 -0.002373 0.037032 0.000100 0.002896 0.999897 -0.014055 13.360200 -0.036995 0.014153 0.999215 -1.626500 0.000000 0.000000 0.000000 1.000000
0.999437 0.002370 0.033475 0.000100 -0.001946 0.999917 -0.012699 13.360200 -0.033502 0.012627 0.999359 -1.626500 0.000000 0.000000 0.000000 1.000000
0.999584 0.003497 0.028642 0.000100 -0.002615 0.999523 -0.030769 13.360200 -0.028736 0.030681 0.999116 -1.626500 0.000000 0.000000 0.000000 1.000000
0.999883 0.002889 0.014994 0.000100 -0.002370 0.999401 -0.034521 13.360200 -0.015085 0.034482 0.999291 -1.626500 0.000000 0.000000 0.000000 1.000000
0.999996 -0.001012 -0.002517 0.000100 0.000966 0.999833 -0.018224 13.360200 0.002535 0.018221 0.999831 -1.626500 0.000000 0.000000 0.000000 1.000000</float_array><technique_common><accessor source="#mixamorig_Spine2-Matrix-animation-output-transform-array" count="24" stride="16"><param type="float4x4"/></accessor></technique_common></source><source id="mixamorig_Spine2-Interpolations"><Name_array id="mixamorig_Spine2-Interpolations-array" count="24">
 LINEAR LINEAR LINEAR LINEAR LINEAR LINEAR LINEAR LINEAR LINEAR LINEAR LINEAR
LINEAR LINEAR LINEAR LINEAR LINEAR LINEAR LINEAR LINEAR LINEAR LINEAR LINEAR LINEAR
LINEAR</Name_array><technique_common><accessor source="#mixamorig_Spine2-Interpolations-array" count="24"><param type="name"/></accessor></technique_common></source><sampler id="mixamorig_Spine2-Matrix-animation-transform"><input semantic="INPUT" source="#mixamorig_Spine2-Matrix-animation-input"/><input semantic="OUTPUT" source="#mixamorig_Spine2-Matrix-animation-output-transform"/><input semantic="INTERPOLATION" source="#mixamorig_Spine2-Interpolations"/></sampler><channel source="#mixamorig_Spine2-Matrix-animation-transform" target="mixamorig_Spine2/matrix"/></animation>
    <animation id="mixamorig_Neck-anim" name="mixamorig_Neck"><source id="mixamorig_Neck-Matrix-animation-input"><float_array id="mixamorig_Neck-Matrix-animation-input-array" count="24">

0.000000 0.033333 0.066667 0.100000 0.133333 0.166667 0.200000 0.233333 0.266667 0.300000 0.333333 0.366667 0.400000 0.433333 0.466667 0.500000
0.533333 0.566667 0.600000 0.633333 0.666667 0.700000 0.733333 0.766667</float_array><technique_common><accessor source="#mixamorig_Neck-Matrix-animation-input-array" count="24"><param name="TIME" type="float"/></accessor></technique_common></source><source id="mixamorig_Neck-Matrix-animation-output-transform"><float_array id="mixamorig_Neck-Matrix-animation-output-transform-array" count="384">

0.999830 0.000991 0.018388 -0.000000 -0.001572 0.999500 0.031587 15.032500 -0.018348 -0.031610 0.999332 0.792900 0.000000 0.000000 0.000000 1.000000
0.999708 0.000701 0.024145 0.000000 -0.001426 0.999547 0.030046 15.032500 -0.024113 -0.030072 0.999257 0.792900 0.000000 0.000000 0.000000 1.000000
0.999516 0.003640 0.030895 0.000000 -0.004362 0.999719 0.023312 15.032500 -0.030801 -0.023436 0.999251 0.792900 0.000000 0.000000 0.000000 1.000000
0.999291 0.007677 0.036855 0.000000 -0.008363 0.999794 0.018490 15.032500 -0.036705 -0.018785 0.999150 0.792900 0.000000 0.000000 0.000000 1.000000
0.999137 0.007634 0.040840 0.000000 -0.008255 0.999853 0.015051 15.032500 -0.040719 -0.015375 0.999052 0.792900 0.000000 0.000000 0.000000 1.000000
0.999013 0.007662 0.043745 0.000000 -0.008319 0.999855 0.014847 15.032500 -0.043625 -0.015196 0.998932 0.792900 0.000000 0.000000 0.000000 1.000000
0.998951 0.009033 0.044896 0.000000 -0.009931 0.999754 0.019816 15.032500 -0.044706 -0.020241 0.998795 0.792900 0.000000 0.000000 0.000000 1.000000
0.998915 0.011471 0.045146 0.000000 -0.012572 0.999629 0.024181 15.032500 -0.044851 -0.024722 0.998688 0.792900 0.000000 0.000000 0.000000 1.000000
0.998941 0.011221 0.044628 0.000000 -0.012299 0.999638 0.023949 15.032500 -0.044343 -0.024472 0.998717 0.792900 0.000000 0.000000 0.000000 1.000000
0.999141 0.007886 0.040683 -0.000000 -0.008742 0.999743 0.020928 15.032500 -0.040507 -0.021266 0.998953 0.792900 0.000000 0.000000 0.000000 1.000000
0.999449 0.002185 0.033119 0.000000 -0.002754 0.999849 0.017150 15.032500 -0.033077 -0.017232 0.999304 0.792900 0.000000 0.000000 0.000000 1.000000
0.999712 -0.001921 0.023934 0.000000 0.001567 0.999889 0.014820 15.032500 -0.023960 -0.014778 0.999604 0.792900 0.000000 0.000000 0.000000 1.000000
0.999895 -0.004148 0.013865 0.000000 0.003934 0.999873 0.015414 15.032500 -0.013927 -0.015358 0.999785 0.792900 0.000000 0.000000 0.000000 1.000000
0.999973 -0.005948 0.004306 0.000000 0.005871 0.999827 0.017654 15.032500 -0.004410 -0.017628 0.999835 0.792900 0.000000 0.000000 0.000000 1.000000
0.999967 -0.007706 -0.002592 0.000000 0.007749 0.999830 0.016722 15.032500 0.002463 -0.016742 0.999857 0.792900 0.000000 0.000000 0.000000 1.000000
0.999946 -0.008365 -0.006094 -0.000000 0.008446 0.999873 0.013500 15.032500 0.005981 -0.013551 0.999890 0.792900 0.000000 0.000000 0.000000 1.000000
0.999943 -0.007786 -0.007325 0.000000 0.007875 0.999893 0.012317 15.032500 0.007229 -0.012374 0.999897 0.792900 0.000000 0.000000 0.000000 1.000000
0.999967 -0.004291 -0.006899 -0.000000 0.004388 0.999890 0.014183 15.032500 0.006838 -0.014213 0.999876 0.792900 0.000000 0.000000 0.000000 1.000000
0.999929 -0.002191 -0.011705 -0.000000 0.002393 0.999848 0.017268 15.032500 0.011666 -0.017295 0.999782 0.792900 0.000000 0.000000 0.000000 1.000000
0.999581 -0.003533 -0.028724 0.000000 0.004150 0.999762 0.021422 15.032500 0.028642 -0.021533 0.999358 0.792900 0.000000 0.000000 0.000000 1.000000
0.998955 -0.005822 -0.045331 0.000000 0.006987 0.999649 0.025573 15.032500 0.045166 -0.025863 0.998645 0.792900 0.000000 0.000000 0.000000 1.000000
0.999136 -0.005557 -0.041184 0.000000 0.006751 0.999559 0.028903 15.032500 0.041005 -0.029156 0.998733 0.792900 0.000000 0.000000 0.000000 1.000000
0.999801 -0.003067 -0.019687 0.000000 0.003678 0.999510 0.031087 15.032500 0.019582 -0.031154 0.999323 0.792900 0.000000 0.000000 0.000000 1.000000
0.999976 -0.000126 0.006860 0.000000 -0.000092 0.999494 0.031801 15.032500 -0.006860 -0.031801 0.999471 0.792900 0.000000 0.000000 0.000000 1.000000</float_array><technique_common><accessor source="#mixamorig_Neck-Matrix-animation-output-transform-array" count="24" stride="16"><param type="float4x4"/></accessor></technique_common></source><source id="mixamorig_Neck-Interpolations"><Name_array id="mixamorig_Neck-Interpolations-array" count="24">
 LINEAR LINEAR LINEAR LINEAR LINEAR LINEAR LINEAR LINEAR LINEAR LINEAR LINEAR
LINEAR LINEAR LINEAR LINEAR LINEAR LINEAR LINEAR LINEAR LINEAR LINEAR LINEAR LINEAR
LINEAR</Name_array><technique_common><accessor source="#mixamorig_Neck-Interpolations-array" count="24"><param type="name"/></accessor></technique_common></source><sampler id="mixamorig_Neck-Matrix-animation-transform"><input semantic="INPUT" source="#mixamorig_Neck-Matrix-animation-input"/><input semantic="OUTPUT" source="#mixamorig_Neck-Matrix-animation-output-transform"/><input semantic="INTERPOLATION" source="#mixamorig_Neck-Interpolations"/></sampler><channel source="#mixamorig_Neck-Matrix-animation-transform" target="mixamorig_Neck/matrix"/></animation>
    <animation id="mixamorig_Head-anim" name="mixamorig_Head"><source id="mixamorig_Head-Matrix-animation-input"><float_array id="mixamorig_Head-Matrix-animation-input-array" count="24">

0.000000 0.033333 0.066667 0.100000 0.133333 0.166667 0.200000 0.233333 0.266667 0.300000 0.333333 0.366667 0.400000 0.433333 0.466667 0.500000
0.533333 0.566667 0.600000 0.633333 0.666667 0.700000 0.733333 0.766667</float_array><technique_common><accessor source="#mixamorig_Head-Matrix-animation-input-array" count="24"><param name="TIME" type="float"/></accessor></technique_common></source><source id="mixamorig_Head-Matrix-animation-output-transform"><float_array id="mixamorig_Head-Matrix-animation-output-transform-array" count="384">

0.998628 0.005345 0.052083 0.000000 -0.022130 0.944636 0.327373 10.321800 -0.047450 -0.328077 0.943459 3.142400 0.000000 0.000000 0.000000 1.000000
0.995304 0.000504 0.096797 -0.000000 -0.034028 0.937983 0.345008 10.321800 -0.090620 -0.346682 0.933595 3.142400 0.000000 0.000000 0.000000 1.000000
0.989716 -0.002624 0.143022 -0.000000 -0.045188 0.942897 0.330004 10.321800 -0.135721 -0.333073 0.933082 3.142400 0.000000 0.000000 0.000000 1.000000
0.984162 -0.006477 0.177155 -0.000000 -0.049162 0.950163 0.307853 10.321800 -0.170320 -0.311686 0.934796 3.142400 0.000000 0.000000 0.000000 1.000000
0.980392 -0.023580 0.195639 -0.000000 -0.033968 0.957729 0.285658 10.321800 -0.194105 -0.286703 0.938150 3.142400 0.000000 0.000000 0.000000 1.000000
0.978185 -0.043723 0.203081 -0.000000 -0.012160 0.963871 0.266091 10.321800 -0.207378 -0.262755 0.942313 3.142400 0.000000 0.000000 0.000000 1.000000
0.978206 -0.049435 0.201668 0.000000 -0.001691 0.969317 0.245809 10.321800 -0.207632 -0.240793 0.948107 3.142400 0.000000 0.000000 0.000000 1.000000
0.977409 -0.044737 0.206567 0.000000 -0.007381 0.969521 0.244897 10.321800 -0.211227 -0.240890 0.947288 3.142400 0.000000 0.000000 0.000000 1.000000
0.973502 -0.038171 0.225470 0.000000 -0.018869 0.969200 0.245550 10.321800 -0.227898 -0.243298 0.942798 3.142400 0.000000 0.000000 0.000000 1.000000
0.973374 -0.035193 0.226504 0.000000 -0.022821 0.968356 0.248528 10.321800 -0.228083 -0.247079 0.941769 3.142400 0.000000 0.000000 0.000000 1.000000
0.979594 -0.040662 0.196828 0.000000 -0.011612 0.966234 0.257406 10.321800 -0.200648 -0.254439 0.946045 3.142400 0.000000 0.000000 0.000000 1.000000
0.988172 -0.043752 0.146976 0.000000 0.000784 0.959864 0.280464 10.321800 -0.153348 -0.277031 0.948545 3.142400 0.000000 0.000000 0.000000 1.000000
0.996073 -0.032349 0.082410 0.000000 0.005677 0.952276 0.305185 10.321800 -0.088349 -0.303519 0.948720 3.142400 0.000000 0.000000 0.000000 1.000000
0.999633 -0.023089 0.014197 0.000000 0.017391 0.948112 0.317460 10.321800 -0.020791 -0.317096 0.948165 3.142400 0.000000 0.000000 0.000000 1.000000
0.999062 -0.021652 -0.037499 0.000000 0.032245 0.950004 0.310569 10.321800 0.028900 -0.311487 0.949811 3.142400 0.000000 0.000000 0.000000 1.000000
0.997198 -0.025782 -0.070220 0.000000 0.044719 0.957983 0.283318 10.321800 0.059965 -0.285664 0.956452 3.142400 0.000000 0.000000 0.000000 1.000000
0.995905 -0.024940 -0.086897 0.000000 0.046964 0.964044 0.261561 10.321800 0.077249 -0.264571 0.961267 3.142400 0.000000 0.000000 0.000000 1.000000
0.995249 -0.019193 -0.095451 0.000000 0.041775 0.969727 0.240592 10.321800 0.087944 -0.243436 0.965922 3.142400 0.000000 0.000000 0.000000 1.000000
0.995540 -0.012625 -0.093491 -0.000000 0.034095 0.972170 0.231781 10.321800 0.087963 -0.233935 0.968265 3.142400 0.000000 0.000000 0.000000 1.000000
0.996947 -0.006362 -0.077827 0.000000 0.025398 0.968902 0.246136 10.321800 0.073841 -0.247361 0.966106 3.142400 0.000000 0.000000 0.000000 1.000000
0.998602 -0.000824 -0.052851 0.000000 0.014767 0.964416 0.263976 10.321800 0.050753 -0.264388 0.963080 3.142400 0.000000 0.000000 0.000000 1.000000
0.999721 0.003422 -0.023360 -0.000000 0.003340 0.958981 0.283452 10.321800 0.023372 -0.283451 0.958702 3.142400 0.000000 0.000000 0.000000 1.000000
0.999951 0.005885 0.007898 0.000000 -0.007999 0.953061 0.302673 10.321800 -0.005746 -0.302722 0.953062 3.142400 0.000000 0.000000 0.000000 1.000000
0.999252 0.006147 0.038169 -0.000000 -0.018049 0.947264 0.319945 10.321800 -0.034189 -0.320394 0.946667 3.142400 0.000000 0.000000 0.000000 1.000000</float_array><technique_common><accessor source="#mixamorig_Head-Matrix-animation-output-transform-array" count="24" stride="16"><param type="float4x4"/></accessor></technique_common></source><source id="mixamorig_Head-Interpolations"><Name_array id="mixamorig_Head-Interpolations-array" count="24">
 LINEAR LINEAR LINEAR LINEAR LINEAR LINEAR LINEAR LINEAR LINEAR LINEAR LINEAR
LINEAR LINEAR LINEAR LINEAR LINEAR LINEAR LINEAR LINEAR LINEAR LINEAR LINEAR LINEAR
LINEAR</Name_array><technique_common><accessor source="#mixamorig_Head-Interpolations-array" count="24"><param type="name"/></accessor></technique_common></source><sampler id="mixamorig_Head-Matrix-animation-transform"><input semantic="INPUT" source="#mixamorig_Head-Matrix-animation-input"/><input semantic="OUTPUT" source="#mixamorig_Head-Matrix-animation-output-transform"/><input semantic="INTERPOLATION" source="#mixamorig_Head-Interpolations"/></sampler><channel source="#mixamorig_Head-Matrix-animation-transform" target="mixamorig_Head/matrix"/></animation>
    <animation id="mixamorig_LeftShoulder-anim" name="mixamorig_LeftShoulder"><source id="mixamorig_LeftShoulder-Matrix-animation-input"><float_array id="mixamorig_LeftShoulder-Matrix-animation-input-array" count="24">

0.000000 0.033333 0.066667 0.100000 0.133333 0.166667 0.200000 0.233333 0.266667 0.300000 0.333333 0.366667 0.400000 0.433333 0.466667 0.500000
0.533333 0.566667 0.600000 0.633333 0.666667 0.700000 0.733333 0.766667</float_array><technique_common><accessor source="#mixamorig_LeftShoulder-Matrix-animation-input-array" count="24"><param name="TIME" type="float"/></accessor></technique_common></source><source id="mixamorig_LeftShoulder-Matrix-animation-output-transform"><float_array id="mixamorig_LeftShoulder-Matrix-animation-output-transform-array" count="384">

0.984106 0.177281 0.010304 6.105800 -0.176896 0.983751 -0.030695 9.110400 -0.015578 0.028385 0.999476 0.705600 0.000000 0.000000 0.000000 1.000000
0.992101 0.124535 0.015072 6.105800 -0.123843 0.991479 -0.040407 9.110400 -0.019975 0.038222 0.999070 0.705600 0.000000 0.000000 0.000000 1.000000
0.996289 0.083765 0.019801 6.105800 -0.082741 0.995421 -0.047866 9.110400 -0.023720 0.046050 0.998657 0.705600 0.000000 0.000000 0.000000 1.000000
0.995863 0.086375 0.028221 6.105800 -0.084842 0.995056 -0.051630 9.110400 -0.032541 0.049022 0.998267 0.705600 0.000000 0.000000 0.000000 1.000000
0.994938 0.091690 0.041126 6.105800 -0.089467 0.994581 -0.052964 9.110400 -0.045760 0.049016 0.997749 0.705600 0.000000 0.000000 0.000000 1.000000
0.994253 0.097687 0.043790 6.105800 -0.095359 0.994061 -0.052431 9.110400 -0.048652 0.047954 0.997664 0.705600 0.000000 0.000000 0.000000 1.000000
0.993394 0.105398 0.045382 6.105800 -0.103063 0.993363 -0.051060 9.110400 -0.050462 0.046046 0.997664 0.705600 0.000000 0.000000 0.000000 1.000000
0.992005 0.114137 0.053848 6.105800 -0.111481 0.992507 -0.050011 9.110400 -0.059152 0.043608 0.997296 0.705600 0.000000 0.000000 0.000000 1.000000
0.990644 0.124796 0.055237 6.105800 -0.122152 0.991305 -0.048918 9.110400 -0.060861 0.041713 0.997274 0.705600 0.000000 0.000000 0.000000 1.000000
0.989003 0.138712 0.051299 6.105800 -0.136328 0.989530 -0.047391 9.110400 -0.057336 0.039876 0.997558 0.705600 0.000000 0.000000 0.000000 1.000000
0.987796 0.149854 0.042458 6.105800 -0.147941 0.987968 -0.045091 9.110400 -0.048704 0.038260 0.998080 0.705600 0.000000 0.000000 0.000000 1.000000
0.986620 0.159287 0.034777 6.105800 -0.157751 0.986534 -0.043186 9.110400 -0.041188 0.037122 0.998462 0.705600 0.000000 0.000000 0.000000 1.000000
0.985358 0.168320 0.027155 6.105800 -0.167133 0.985070 -0.041287 9.110400 -0.033699 0.036144 0.998778 0.705600 0.000000 0.000000 0.000000 1.000000
0.984117 0.176113 0.022299 6.105800 -0.175155 0.983752 -0.039410 9.110400 -0.028878 0.034878 0.998974 0.705600 0.000000 0.000000 0.000000 1.000000
0.983376 0.178940 0.030874 6.105800 -0.177746 0.983348 -0.037868 9.110400 -0.037136 0.031751 0.998806 0.705600 0.000000 0.000000 0.000000 1.000000
0.981975 0.181818 0.051641 6.105800 -0.180081 0.982973 -0.036548 9.110400 -0.057407 0.026589 0.997997 0.705600 0.000000 0.000000 0.000000 1.000000
0.981512 0.181124 0.061872 6.105800 -0.179250 0.983193 -0.034660 9.110400 -0.067110 0.022929 0.997482 0.705600 0.000000 0.000000 0.000000 1.000000
0.981501 0.180767 0.063075 6.105800 -0.178967 0.983296 -0.033155 9.110400 -0.068014 0.021253 0.997458 0.705600 0.000000 0.000000 0.000000 1.000000
0.981609 0.180702 0.061574 6.105800 -0.179015 0.983328 -0.031933 9.110400 -0.066317 0.020323 0.997592 0.705600 0.000000 0.000000 0.000000 1.000000
0.981715 0.181541 0.057253 6.105800 -0.179995 0.983175 -0.031136 9.110400 -0.061942 0.020261 0.997874 0.705600 0.000000 0.000000 0.000000 1.000000
0.981772 0.183454 0.049691 6.105800 -0.182081 0.982797 -0.030916 9.110400 -0.054508 0.021304 0.998286 0.705600 0.000000 0.000000 0.000000 1.000000
0.981737 0.185982 0.040034 6.105800 -0.184816 0.982281 -0.031111 9.110400 -0.045111 0.023144 0.998714 0.705600 0.000000 0.000000 0.000000 1.000000
0.981767 0.187853 0.029061 6.105800 -0.186949 0.981873 -0.031239 9.110400 -0.034402 0.025236 0.999089 0.705600 0.000000 0.000000 0.000000 1.000000
0.982918 0.183743 0.010554 6.105800 -0.183350 0.982572 -0.030590 9.110400 -0.015990 0.028132 0.999476 0.705600 0.000000 0.000000 0.000000 1.000000</float_array><technique_common><accessor source="#mixamorig_LeftShoulder-Matrix-animation-output-transform-array" count="24" stride="16"><param type="float4x4"/></accessor></technique_common></source><source id="mixamorig_LeftShoulder-Interpolations"><Name_array id="mixamorig_LeftShoulder-Interpolations-array" count="24">
 LINEAR LINEAR LINEAR LINEAR LINEAR LINEAR LINEAR LINEAR LINEAR LINEAR LINEAR
LINEAR LINEAR LINEAR LINEAR LINEAR LINEAR LINEAR LINEAR LINEAR LINEAR LINEAR LINEAR
LINEAR</Name_array><technique_common><accessor source="#mixamorig_LeftShoulder-Interpolations-array" count="24"><param type="name"/></accessor></technique_common></source><sampler id="mixamorig_LeftShoulder-Matrix-animation-transform"><input semantic="INPUT" source="#mixamorig_LeftShoulder-Matrix-animation-input"/><input semantic="OUTPUT" source="#mixamorig_LeftShoulder-Matrix-animation-output-transform"/><input semantic="INTERPOLATION" source="#mixamorig_LeftShoulder-Interpolations"/></sampler><channel source="#mixamorig_LeftShoulder-Matrix-animation-transform" target="mixamorig_LeftShoulder/matrix"/></animation>
    <animation id="mixamorig_LeftArm-anim" name="mixamorig_LeftArm"><source id="mixamorig_LeftArm-Matrix-animation-input"><float_array id="mixamorig_LeftArm-Matrix-animation-input-array" count="24">

0.000000 0.033333 0.066667 0.100000 0.133333 0.166667 0.200000 0.233333 0.266667 0.300000 0.333333 0.366667 0.400000 0.433333 0.466667 0.500000
0.533333 0.566667 0.600000 0.633333 0.666667 0.700000 0.733333 0.766667</float_array><technique_common><accessor source="#mixamorig_LeftArm-Matrix-animation-input-array" count="24"><param name="TIME" type="float"/></accessor></technique_common></source><source id="mixamorig_LeftArm-Matrix-animation-output-transform"><float_array id="mixamorig_LeftArm-Matrix-animation-output-transform-array" count="384">

0.502731 0.631121 -0.590718 12.655000 -0.808821 0.584586 -0.063778 -0.265900 0.305074 0.509848 0.804354 -2.600900 0.000000 0.000000 0.000000 1.000000
0.449522 0.620761 -0.642328 12.655000 -0.776373 0.627142 0.062754 -0.265900 0.441786 0.470477 0.763856 -2.600900 0.000000 0.000000 0.000000 1.000000
0.388386 0.626510 -0.675753 12.655000 -0.759580 0.632843 0.150162 -0.265900 0.521723 0.454967 0.721671 -2.600900 0.000000 0.000000 0.000000 1.000000
0.360077 0.628342 -0.689587 12.655000 -0.764821 0.622092 0.167480 -0.265900 0.534222 0.467105 0.704571 -2.600900 0.000000 0.000000 0.000000 1.000000
0.340747 0.649257 -0.679969 12.655000 -0.791902 0.588036 0.164637 -0.265900 0.506738 0.482369 0.714519 -2.600900 0.000000 0.000000 0.000000 1.000000
0.335603 0.697029 -0.633657 12.655000 -0.821614 0.545629 0.165046 -0.265900 0.460784 0.465231 0.755803 -2.600900 0.000000 0.000000 0.000000 1.000000
0.350534 0.744478 -0.568224 12.655000 -0.840353 0.517861 0.160085 -0.265900 0.413441 0.421393 0.807152 -2.600900 0.000000 0.000000 0.000000 1.000000
0.372210 0.774782 -0.511051 12.655000 -0.849183 0.506517 0.149430 -0.265900 0.374632 0.378356 0.846462 -2.600900 0.000000 0.000000 0.000000 1.000000
