<?xml version="1.0" encoding="utf-8"?>
<COLLADA xmlns="http://www.collada.org/2005/11/COLLADASchema" version="1.4.1">
  <asset><contributor><author>Mixamo</author><authoring_tool>COLLADA Mixamo exporter</authoring_tool><comments></comments></contributor><created>2019-05-29T02:03:36Z</created><modified>2019-05-29T02:03:36Z</modified><revision></revision><title></title><unit meter="0.010000"/><up_axis>Y_UP</up_axis></asset>
  <library_animations>
    <animation id="mixamorig_Hips-anim" name="mixamorig_Hips"><source id="mixamorig_Hips-Matrix-animation-input"><float_array id="mixamorig_Hips-Matrix-animation-input-array" count="22">

0.000000 0.033333 0.066667 0.100000 0.133333 0.166667 0.200000 0.233333 0.266667 0.300000 0.333333 0.366667 0.400000 0.433333 0.466667 0.500000
0.533333 0.566667 0.600000 0.633333 0.666667 0.700000</float_array><technique_common><accessor source="#mixamorig_Hips-Matrix-animation-input-array" count="22"><param name="TIME" type="float"/></accessor></technique_common></source><source id="mixamorig_Hips-Matrix-animation-output-transform"><float_array id="mixamorig_Hips-Matrix-animation-output-transform-array" count="352">

0.964647 -0.131172 -0.228582 -0.356033 0.122103 0.991078 -0.053440 92.721512 0.233552 0.023640 0.972057 0.251888 0.000000 0.000000 0.000000 1.000000
0.970459 -0.121950 -0.208177 -1.001984 0.113452 0.992164 -0.052330 94.222916 0.212928 0.027166 0.976690 0.165746 0.000000 0.000000 0.000000 1.000000
0.976497 -0.113107 -0.183466 -1.165885 0.104075 0.992867 -0.058166 95.871506 0.188736 0.037705 0.981304 0.649265 0.000000 0.000000 0.000000 1.000000
0.978686 -0.102671 -0.177855 -1.258438 0.093194 0.993786 -0.060865 96.954666 0.182999 0.042993 0.982173 1.252008 0.000000 0.000000 0.000000 1.000000
0.978063 -0.099627 -0.182941 -1.133964 0.088360 0.993713 -0.068760 97.001579 0.188641 0.051087 0.980716 2.080655 0.000000 0.000000 0.000000 1.000000
0.972897 -0.099551 -0.208714 -0.812028 0.082091 0.992486 -0.090732 97.142830 0.216178 0.071140 0.973759 3.131952 0.000000 0.000000 0.000000 1.000000
0.959971 -0.099374 -0.261877 -0.072135 0.067720 0.989555 -0.127261 96.780914 0.271788 0.104432 0.956674 3.985509 0.000000 0.000000 0.000000 1.000000
0.954353 -0.093742 -0.283590 2.013305 0.053111 0.987602 -0.147724 95.779312 0.293922 0.125919 0.947499 4.312616 0.000000 0.000000 0.000000 1.000000
0.951137 -0.066104 -0.301610 3.668240 0.029475 0.991792 -0.124420 94.675026 0.307359 0.109451 0.945278 4.183339 0.000000 0.000000 0.000000 1.000000
0.949531 -0.042898 -0.310726 4.470159 0.016064 0.995955 -0.088410 93.198631 0.313262 0.078957 0.946379 4.021391 0.000000 0.000000 0.000000 1.000000
0.947862 -0.032667 -0.317001 4.721052 0.016530 0.998433 -0.053462 91.925545 0.318251 0.045435 0.946917 3.808981 0.000000 0.000000 0.000000 1.000000
0.933666 -0.020722 -0.357546 4.554954 0.013390 0.999646 -0.022969 90.901962 0.357895 0.016658 0.933613 3.831143 0.000000 0.000000 0.000000 1.000000
0.910994 -0.010586 -0.412284 3.872637 0.005821 0.999901 -0.012811 91.777000 0.412378 0.009271 0.910965 4.280652 0.000000 0.000000 0.000000 1.000000
0.890841 0.001310 -0.454313 2.987760 -0.009587 0.999827 -0.015917 93.874580 0.454214 0.018536 0.890700 4.845561 0.000000 0.000000 0.000000 1.000000
0.882641 -0.006715 -0.470000 1.942108 -0.005157 0.999699 -0.023968 95.225037 0.470020 0.023579 0.882341 5.005059 0.000000 0.000000 0.000000 1.000000
0.891484 -0.021333 -0.452550 1.138975 0.009474 0.999550 -0.028454 95.793839 0.452954 0.021079 0.891285 4.766124 0.000000 0.000000 0.000000 1.000000
0.907102 -0.040761 -0.418934 0.522325 0.029547 0.999011 -0.033223 96.100555 0.419873 0.017758 0.907409 4.290236 0.000000 0.000000 0.000000 1.000000
0.923626 -0.066784 -0.377431 -0.008859 0.055994 0.997649 -0.039502 96.117317 0.379182 0.015351 0.925195 3.658570 0.000000 0.000000 0.000000 1.000000
0.940520 -0.105030 -0.323095 -0.340775 0.094655 0.994366 -0.047705 95.284584 0.326285 0.014285 0.945164 2.733022 0.000000 0.000000 0.000000 1.000000
0.951974 -0.132088 -0.276220 -0.213371 0.122532 0.991120 -0.051653 94.153793 0.280590 0.015326 0.959705 1.930782 0.000000 0.000000 0.000000 1.000000
0.960647 -0.140814 -0.239435 -0.167708 0.132295 0.989878 -0.051373 93.233459 0.244245 0.017675 0.969552 1.158502 0.000000 0.000000 0.000000 1.000000
0.964647 -0.131171 -0.228582 -0.356035 0.122102 0.991078 -0.053440 92.721504 0.233552 0.023640 0.972057 0.251887 0.000000 0.000000 0.000000 1.000000</float_array><technique_common><accessor source="#mixamorig_Hips-Matrix-animation-output-transform-array" count="22" stride="16"><param type="float4x4"/></accessor></technique_common></source><source id="mixamorig_Hips-Interpolations"><Name_array id="mixamorig_Hips-Interpolations-array" count="22">
 LINEAR LINEAR LINEAR LINEAR LINEAR LINEAR LINEAR LINEAR LINEAR LINEAR LINEAR
LINEAR LINEAR LINEAR LINEAR LINEAR LINEAR LINEAR LINEAR LINEAR LINEAR LINEAR</Name_array><technique_common><accessor source="#mixamorig_Hips-Interpolations-array" count="22"><param type="name"/></accessor></technique_common></source><sampler id="mixamorig_Hips-Matrix-animation-transform"><input semantic="INPUT" source="#mixamorig_Hips-Matrix-animation-input"/><input semantic="OUTPUT" source="#mixamorig_Hips-Matrix-animation-output-transform"/><input semantic="INTERPOLATION" source="#mixamorig_Hips-Interpolations"/></sampler><channel source="#mixamorig_Hips-Matrix-animation-transform" target="mixamorig_Hips/matrix"/></animation>
    <animation id="mixamorig_Spine-anim" name="mixamorig_Spine"><source id="mixamorig_Spine-Matrix-animation-input"><float_array id="mixamorig_Spine-Matrix-animation-input-array" count="22">

0.000000 0.033333 0.066667 0.100000 0.133333 0.166667 0.200000 0.233333 0.266667 0.300000 0.333333 0.366667 0.400000 0.433333 0.466667 0.500000
0.533333 0.566667 0.600000 0.633333 0.666667 0.700000</float_array><technique_common><accessor source="#mixamorig_Spine-Matrix-animation-input-array" count="22"><param name="TIME" type="float"/></accessor></technique_common></source><source id="mixamorig_Spine-Matrix-animation-output-transform"><float_array id="mixamorig_Spine-Matrix-animation-output-transform-array" count="352">

0.994752 0.046557 0.091105 0.000000 -0.033952 0.990220 -0.135318 9.923500 -0.096514 0.131515 0.986605 -1.227300 0.000000 0.000000 0.000000 1.000000
0.998134 0.035918 0.049376 0.000000 -0.028683 0.989716 -0.140141 9.923500 -0.053902 0.138463 0.988900 -1.227300 0.000000 0.000000 0.000000 1.000000
0.999929 0.009231 0.007478 -0.000000 -0.008174 0.991373 -0.130817 9.923500 -0.008621 0.130747 0.991378 -1.227300 0.000000 0.000000 0.000000 1.000000
0.999789 -0.011148 -0.017268 0.000000 0.008954 0.992455 -0.122284 9.923500 0.018501 0.122103 0.992345 -1.227300 0.000000 0.000000 0.000000 1.000000
0.998872 0.000700 -0.047473 -0.000000 -0.005682 0.994466 -0.104905 9.923500 0.047137 0.105056 0.993349 -1.227300 0.000000 0.000000 0.000000 1.000000
0.997554 0.017447 -0.067694 -0.000000 -0.022365 0.997111 -0.072588 9.923500 0.066232 0.073925 0.995062 -1.227300 0.000000 0.000000 0.000000 1.000000
0.997421 0.024663 -0.067398 0.000000 -0.027245 0.998919 -0.037664 9.923500 0.066396 0.039403 0.997015 -1.227300 0.000000 0.000000 0.000000 1.000000
0.997452 -0.013600 -0.070038 0.000000 0.010798 0.999133 -0.040220 9.923500 0.070524 0.039361 0.996733 -1.227300 0.000000 0.000000 0.000000 1.000000
0.997280 -0.037972 -0.063175 0.000000 0.032957 0.996360 -0.078615 9.923500 0.065930 0.076320 0.994901 -1.227300 0.000000 0.000000 0.000000 1.000000
0.997958 -0.039719 -0.050030 -0.000000 0.033838 0.992979 -0.113346 9.923500 0.054180 0.111422 0.992295 -1.227300 0.000000 0.000000 0.000000 1.000000
0.999375 -0.025062 -0.024928 0.000000 0.021221 0.989360 -0.143931 9.923500 0.028270 0.143312 0.989274 -1.227300 0.000000 0.000000 0.000000 1.000000
0.999670 -0.008890 0.024094 0.000000 0.012683 0.986684 -0.162155 9.923500 -0.022332 0.162407 0.986471 -1.227300 0.000000 0.000000 0.000000 1.000000
0.997021 0.005654 0.076920 0.000000 0.006464 0.987677 -0.156374 9.923500 -0.076857 0.156405 0.984698 -1.227300 0.000000 0.000000 0.000000 1.000000
0.990150 0.015760 0.139122 -0.000000 0.001581 0.992323 -0.123665 9.923500 -0.140003 0.122667 0.982523 -1.227300 0.000000 0.000000 0.000000 1.000000
0.982718 0.041786 0.180329 0.000000 -0.024736 0.995095 -0.095781 9.923500 -0.183447 0.089665 0.978932 -1.227300 0.000000 0.000000 0.000000 1.000000
0.979602 0.065459 0.189989 0.000000 -0.049809 0.995048 -0.086016 9.923500 -0.194678 0.074798 0.978011 -1.227300 0.000000 0.000000 0.000000 1.000000
0.978838 0.083789 0.186696 0.000000 -0.068921 0.994015 -0.084763 9.923500 -0.192681 0.070102 0.978754 -1.227300 0.000000 0.000000 0.000000 1.000000
0.978837 0.100890 0.178043 0.000000 -0.086374 0.992413 -0.087496 9.923500 -0.185520 0.070266 0.980125 -1.227300 0.000000 0.000000 0.000000 1.000000
0.980422 0.115389 0.159556 0.000000 -0.100259 0.989938 -0.099854 9.923500 -0.169472 0.081902 0.982126 -1.227300 0.000000 0.000000 0.000000 1.000000
0.984825 0.105022 0.138169 0.000000 -0.090020 0.989770 -0.110692 9.923500 -0.148380 0.096574 0.984204 -1.227300 0.000000 0.000000 0.000000 1.000000
0.990722 0.078363 0.111040 0.000000 -0.064932 0.990673 -0.119798 9.923500 -0.119392 0.111477 0.986569 -1.227300 0.000000 0.000000 0.000000 1.000000
0.994752 0.046557 0.091105 -0.000000 -0.033952 0.990220 -0.135318 9.923500 -0.096514 0.131515 0.986605 -1.227300 0.000000 0.000000 0.000000 1.000000</float_array><technique_common><accessor source="#mixamorig_Spine-Matrix-animation-output-transform-array" count="22" stride="16"><param type="float4x4"/></accessor></technique_common></source><source id="mixamorig_Spine-Interpolations"><Name_array id="mixamorig_Spine-Interpolations-array" count="22">
 LINEAR LINEAR LINEAR LINEAR LINEAR LINEAR LINEAR LINEAR LINEAR LINEAR LINEAR
LINEAR LINEAR LINEAR LINEAR LINEAR LINEAR LINEAR LINEAR LINEAR LINEAR LINEAR</Name_array><technique_common><accessor source="#mixamorig_Spine-Interpolations-array" count="22"><param type="name"/></accessor></technique_common></source><sampler id="mixamorig_Spine-Matrix-animation-transform"><input semantic="INPUT" source="#mixamorig_Spine-Matrix-animation-input"/><input semantic="OUTPUT" source="#mixamorig_Spine-Matrix-animation-output-transform"/><input semantic="INTERPOLATION" source="#mixamorig_Spine-Interpolations"/></sampler><channel source="#mixamorig_Spine-Matrix-animation-transform" target="mixamorig_Spine/matrix"/></animation>
    <animation id="mixamorig_Spine1-anim" name="mixamorig_Spine1"><source id="mixamorig_Spine1-Matrix-animation-input"><float_array id="mixamorig_Spine1-Matrix-animation-input-array" count="22">

0.000000 0.033333 0.066667 0.100000 0.133333 0.166667 0.200000 0.233333 0.266667 0.300000 0.333333 0.366667 0.400000 0.433333 0.466667 0.500000
0.533333 0.566667 0.600000 0.633333 0.666667 0.700000</float_array><technique_common><accessor source="#mixamorig_Spine1-Matrix-animation-input-array" count="22"><param name="TIME" type="float"/></accessor></technique_common></source><source id="mixamorig_Spine1-Matrix-animation-output-transform"><float_array id="mixamorig_Spine1-Matrix-animation-output-transform-array" count="352">

0.998975 0.010801 0.043968 -0.000100 -0.009709 0.999641 -0.024976 11.645400 -0.044222 0.024523 0.998721 -1.422300 0.000000 0.000000 0.000000 1.000000
0.999670 0.007576 0.024527 -0.000100 -0.006795 0.999472 -0.031771 11.645400 -0.024755 0.031594 0.999194 -1.422300 0.000000 0.000000 0.000000 1.000000
0.999895 0.014160 0.003107 -0.000100 -0.014050 0.999359 -0.032932 11.645400 -0.003572 0.032885 0.999453 -1.422300 0.000000 0.000000 0.000000 1.000000
0.999751 0.019926 -0.010042 -0.000100 -0.020203 0.999395 -0.028309 11.645400 0.009472 0.028505 0.999549 -1.422300 0.000000 0.000000 0.000000 1.000000
0.999682 0.011608 -0.022408 -0.000100 -0.012106 0.999680 -0.022193 11.645400 0.022144 0.022457 0.999503 -1.422300 0.000000 0.000000 0.000000 1.000000
0.999564 -0.003227 -0.029341 -0.000100 0.002835 0.999906 -0.013401 11.645400 0.029381 0.013312 0.999480 -1.422300 0.000000 0.000000 0.000000 1.000000
0.999500 -0.015472 -0.027582 -0.000100 0.015337 0.999869 -0.005088 11.645400 0.027657 0.004663 0.999607 -1.422300 0.000000 0.000000 0.000000 1.000000
0.999450 -0.008335 -0.032096 -0.000100 0.008363 0.999965 0.000744 11.645400 0.032089 -0.001012 0.999485 -1.422300 0.000000 0.000000 0.000000 1.000000
0.999469 -0.011046 -0.030662 -0.000100 0.010799 0.999908 -0.008193 11.645400 0.030749 0.007857 0.999496 -1.422300 0.000000 0.000000 0.000000 1.000000
0.999580 -0.014861 -0.024874 -0.000100 0.014426 0.999742 -0.017545 11.645400 0.025128 0.017179 0.999537 -1.422300 0.000000 0.000000 0.000000 1.000000
0.999800 -0.015315 -0.012879 -0.000100 0.015008 0.999610 -0.023570 11.645400 0.013234 0.023372 0.999639 -1.422300 0.000000 0.000000 0.000000 1.000000
0.999913 -0.008791 0.009844 -0.000100 0.009092 0.999479 -0.030973 11.645400 -0.009567 0.031060 0.999472 -1.422300 0.000000 0.000000 0.000000 1.000000
0.999405 -0.002695 0.034386 -0.000100 0.003825 0.999453 -0.032840 11.645400 -0.034279 0.032952 0.998869 -1.422300 0.000000 0.000000 0.000000 1.000000
0.997844 -0.014009 0.064111 -0.000100 0.015956 0.999424 -0.029959 11.645400 -0.063654 0.030917 0.997493 -1.422300 0.000000 0.000000 0.000000 1.000000
0.995896 -0.027790 0.086135 -0.000100 0.030407 0.999110 -0.029229 11.645400 -0.085246 0.031728 0.995855 -1.422300 0.000000 0.000000 0.000000 1.000000
0.995054 -0.034674 0.093084 -0.000100 0.037715 0.998804 -0.031112 11.645400 -0.091893 0.034469 0.995172 -1.422300 0.000000 0.000000 0.000000 1.000000
0.995005 -0.035945 0.093130 -0.000100 0.039111 0.998709 -0.032404 11.645400 -0.091845 0.035884 0.995127 -1.422300 0.000000 0.000000 0.000000 1.000000
0.995382 -0.032701 0.090247 -0.000100 0.035859 0.998792 -0.033591 11.645400 -0.089039 0.036672 0.995353 -1.422300 0.000000 0.000000 0.000000 1.000000
0.996426 -0.021035 0.081813 -0.000100 0.023930 0.999116 -0.034565 11.645400 -0.081014 0.036400 0.996048 -1.422300 0.000000 0.000000 0.000000 1.000000
0.997478 -0.008863 0.070420 -0.000100 0.011251 0.999372 -0.033596 11.645400 -0.070078 0.034304 0.996951 -1.422300 0.000000 0.000000 0.000000 1.000000
0.998450 0.004664 0.055459 -0.000100 -0.003001 0.999544 -0.030035 11.645400 -0.055573 0.029822 0.998009 -1.422300 0.000000 0.000000 0.000000 1.000000
0.998975 0.010801 0.043968 -0.000100 -0.009709 0.999641 -0.024976 11.645400 -0.044222 0.024523 0.998721 -1.422300 0.000000 0.000000 0.000000 1.000000</float_array><technique_common><accessor source="#mixamorig_Spine1-Matrix-animation-output-transform-array" count="22" stride="16"><param type="float4x4"/></accessor></technique_common></source><source id="mixamorig_Spine1-Interpolations"><Name_array id="mixamorig_Spine1-Interpolations-array" count="22">
 LINEAR LINEAR LINEAR LINEAR LINEAR LINEAR LINEAR LINEAR LINEAR LINEAR LINEAR
LINEAR LINEAR LINEAR LINEAR LINEAR LINEAR LINEAR LINEAR LINEAR LINEAR LINEAR</Name_array><technique_common><accessor source="#mixamorig_Spine1-Interpolations-array" count="22"><param type="name"/></accessor></technique_common></source><sampler id="mixamorig_Spine1-Matrix-animation-transform"><input semantic="INPUT" source="#mixamorig_Spine1-Matrix-animation-input"/><input semantic="OUTPUT" source="#mixamorig_Spine1-Matrix-animation-output-transform"/><input semantic="INTERPOLATION" source="#mixamorig_Spine1-Interpolations"/></sampler><channel source="#mixamorig_Spine1-Matrix-animation-transform" target="mixamorig_Spine1/matrix"/></animation>
    <animation id="mixamorig_Spine2-anim" name="mixamorig_Spine2"><source id="mixamorig_Spine2-Matrix-animation-input"><float_array id="mixamorig_Spine2-Matrix-animation-input-array" count="22">

0.000000 0.033333 0.066667 0.100000 0.133333 0.166667 0.200000 0.233333 0.266667 0.300000 0.333333 0.366667 0.400000 0.433333 0.466667 0.500000
0.533333 0.566667 0.600000 0.633333 0.666667 0.700000</float_array><technique_common><accessor source="#mixamorig_Spine2-Matrix-animation-input-array" count="22"><param name="TIME" type="float"/></accessor></technique_common></source><source id="mixamorig_Spine2-Matrix-animation-output-transform"><float_array id="mixamorig_Spine2-Matrix-animation-output-transform-array" count="352">

0.997987 0.055854 0.030052 0.000100 -0.055136 0.998186 -0.024197 13.360200 -0.031349 0.022492 0.999255 -1.626500 0.000000 0.000000 0.000000 1.000000
0.998568 0.052422 0.010655 0.000100 -0.052068 0.998158 -0.031148 13.360200 -0.012268 0.030549 0.999458 -1.626500 0.000000 0.000000 0.000000 1.000000
0.998212 0.058747 -0.010987 0.000100 -0.059074 0.997730 -0.032330 13.360200 0.009063 0.032921 0.999417 -1.626500 0.000000 0.000000 0.000000 1.000000
0.997632 0.064351 -0.024284 0.000100 -0.065012 0.997507 -0.027451 13.360200 0.022457 0.028965 0.999328 -1.626500 0.000000 0.000000 0.000000 1.000000
0.997768 0.055957 -0.036448 0.000100 -0.056758 0.998160 -0.021321 13.360200 0.035188 0.023343 0.999108 -1.626500 0.000000 0.000000 0.000000 1.000000
0.998218 0.041174 -0.043194 0.000100 -0.041768 0.999044 -0.012939 13.360200 0.042620 0.014720 0.998983 -1.626500 0.000000 0.000000 0.000000 1.000000
0.998720 0.029057 -0.041413 0.000100 -0.029290 0.999558 -0.005026 13.360200 0.041249 0.006232 0.999129 -1.626500 0.000000 0.000000 0.000000 1.000000
0.998293 0.036054 -0.045947 0.000100 -0.036033 0.999350 0.001285 13.360200 0.045963 0.000373 0.998943 -1.626500 0.000000 0.000000 0.000000 1.000000
0.998455 0.033221 -0.044541 0.000100 -0.033591 0.999407 -0.007584 13.360200 0.044263 0.009069 0.998979 -1.626500 0.000000 0.000000 0.000000 1.000000
0.998815 0.029424 -0.038766 0.000100 -0.030104 0.999401 -0.017075 13.360200 0.038241 0.018222 0.999102 -1.626500 0.000000 0.000000 0.000000 1.000000
0.999220 0.029080 -0.026732 0.000100 -0.029702 0.999289 -0.023201 13.360200 0.026038 0.023977 0.999373 -1.626500 0.000000 0.000000 0.000000 1.000000
0.999346 0.035941 -0.004081 0.000100 -0.036049 0.998882 -0.030580 13.360200 0.002978 0.030707 0.999524 -1.626500 0.000000 0.000000 0.000000 1.000000
0.998896 0.042299 0.020442 0.000100 -0.041624 0.998609 -0.032380 13.360200 -0.021783 0.031493 0.999267 -1.626500 0.000000 0.000000 0.000000 1.000000
0.998263 0.030720 0.050282 0.000100 -0.029284 0.999149 -0.029043 13.360200 -0.051131 0.027521 0.998313 -1.626500 0.000000 0.000000 0.000000 1.000000
0.997236 0.016405 0.072466 0.000100 -0.014456 0.999522 -0.027340 13.360200 -0.072880 0.026217 0.996996 -1.626500 0.000000 0.000000 0.000000 1.000000
0.996787 0.009212 0.079571 0.000100 -0.006964 0.999570 -0.028486 13.360200 -0.079799 0.027840 0.996422 -1.626500 0.000000 0.000000 0.000000 1.000000
0.996785 0.007868 0.079734 0.000100 -0.005537 0.999552 -0.029412 13.360200 -0.079930 0.028876 0.996382 -1.626500 0.000000 0.000000 0.000000 1.000000
0.996973 0.011166 0.076945 0.000100 -0.008843 0.999497 -0.030464 13.360200 -0.077247 0.029691 0.996570 -1.626500 0.000000 0.000000 0.000000 1.000000
0.997374 0.023170 0.068622 0.000100 -0.021031 0.999275 -0.031742 13.360200 -0.069307 0.030216 0.997138 -1.626500 0.000000 0.000000 0.000000 1.000000
0.997733 0.035674 0.057062 0.000100 -0.033914 0.998928 -0.031517 13.360200 -0.058125 0.029511 0.997873 -1.626500 0.000000 0.000000 0.000000 1.000000
0.997900 0.049461 0.041819 0.000100 -0.048283 0.998420 -0.028734 13.360200 -0.043174 0.026655 0.998712 -1.626500 0.000000 0.000000 0.000000 1.000000
0.997987 0.055854 0.030052 0.000100 -0.055136 0.998186 -0.024197 13.360200 -0.031349 0.022492 0.999255 -1.626500 0.000000 0.000000 0.000000 1.000000</float_array><technique_common><accessor source="#mixamorig_Spine2-Matrix-animation-output-transform-array" count="22" stride="16"><param type="float4x4"/></accessor></technique_common></source><source id="mixamorig_Spine2-Interpolations"><Name_array id="mixamorig_Spine2-Interpolations-array" count="22">
 LINEAR LINEAR LINEAR LINEAR LINEAR LINEAR LINEAR LINEAR LINEAR LINEAR LINEAR
LINEAR LINEAR LINEAR LINEAR LINEAR LINEAR LINEAR LINEAR LINEAR LINEAR LINEAR</Name_array><technique_common><accessor source="#mixamorig_Spine2-Interpolations-array" count="22"><param type="name"/></accessor></technique_common></source><sampler id="mixamorig_Spine2-Matrix-animation-transform"><input semantic="INPUT" source="#mixamorig_Spine2-Matrix-animation-input"/><input semantic="OUTPUT" source="#mixamorig_Spine2-Matrix-animation-output-transform"/><input semantic="INTERPOLATION" source="#mixamorig_Spine2-Interpolations"/></sampler><channel source="#mixamorig_Spine2-Matrix-animation-transform" target="mixamorig_Spine2/matrix"/></animation>
    <animation id="mixamorig_Neck-anim" name="mixamorig_Neck"><source id="mixamorig_Neck-Matrix-animation-input"><float_array id="mixamorig_Neck-Matrix-animation-input-array" count="22">

0.000000 0.033333 0.066667 0.100000 0.133333 0.166667 0.200000 0.233333 0.266667 0.300000 0.333333 0.366667 0.400000 0.433333 0.466667 0.500000
0.533333 0.566667 0.600000 0.633333 0.666667 0.700000</float_array><technique_common><accessor source="#mixamorig_Neck-Matrix-animation-input-array" count="22"><param name="TIME" type="float"/></accessor></technique_common></source><source id="mixamorig_Neck-Matrix-animation-output-transform"><float_array id="mixamorig_Neck-Matrix-animation-output-transform-array" count="352">

0.999702 0.023431 0.006920 0.000000 -0.023589 0.999439 0.023764 15.032500 -0.006360 -0.023920 0.999694 0.792900 0.000000 0.000000 0.000000 1.000000
0.999776 0.018915 0.009490 0.000000 -0.019164 0.999456 0.026859 15.032500 -0.008977 -0.027035 0.999594 0.792900 0.000000 0.000000 0.000000 1.000000
0.999816 0.015051 0.011933 0.000000 -0.015372 0.999510 0.027264 15.032500 -0.011517 -0.027443 0.999557 0.792900 0.000000 0.000000 0.000000 1.000000
0.999798 0.012751 0.015565 0.000000 -0.013117 0.999634 0.023677 15.032500 -0.015257 -0.023877 0.999598 0.792900 0.000000 0.000000 0.000000 1.000000
0.999718 0.012241 0.020372 0.000000 -0.012670 0.999698 0.021062 15.032500 -0.020108 -0.021314 0.999571 0.792900 0.000000 0.000000 0.000000 1.000000
0.999627 0.012483 0.024285 -0.000000 -0.012926 0.999752 0.018146 15.032500 -0.024053 -0.018453 0.999540 0.792900 0.000000 0.000000 0.000000 1.000000
0.999586 0.010373 0.026844 0.000000 -0.010917 0.999736 0.020215 15.032500 -0.026627 -0.020499 0.999435 0.792900 0.000000 0.000000 0.000000 1.000000
0.999558 0.009485 0.028163 -0.000000 -0.010182 0.999643 0.024708 15.032500 -0.027918 -0.024984 0.999298 0.792900 0.000000 0.000000 0.000000 1.000000
0.999571 0.008632 0.027977 -0.000000 -0.009363 0.999616 0.026095 15.032500 -0.027741 -0.026346 0.999268 0.792900 0.000000 0.000000 0.000000 1.000000
0.999623 0.007607 0.026367 0.000000 -0.008224 0.999693 0.023358 15.032500 -0.026181 -0.023566 0.999379 0.792900 0.000000 0.000000 0.000000 1.000000
0.999683 0.008781 0.023605 0.000000 -0.009264 0.999748 0.020455 15.032500 -0.023420 -0.020667 0.999512 0.792900 0.000000 0.000000 0.000000 1.000000
0.999738 0.008361 0.021293 0.000000 -0.008802 0.999748 0.020675 15.032500 -0.021115 -0.020857 0.999559 0.792900 0.000000 0.000000 0.000000 1.000000
0.999811 0.005073 0.018781 0.000000 -0.005505 0.999720 0.023012 15.032500 -0.018659 -0.023111 0.999559 0.792900 0.000000 0.000000 0.000000 1.000000
0.999862 0.005259 0.015778 0.000000 -0.005562 0.999800 0.019200 15.032500 -0.015674 -0.019285 0.999691 0.792900 0.000000 0.000000 0.000000 1.000000
0.999874 0.009490 0.012697 -0.000000 -0.009708 0.999804 0.017248 15.032500 -0.012531 -0.017369 0.999771 0.792900 0.000000 0.000000 0.000000 1.000000
0.999867 0.013186 0.009594 0.000000 -0.013359 0.999745 0.018210 15.032500 -0.009351 -0.018336 0.999788 0.792900 0.000000 0.000000 0.000000 1.000000
0.999836 0.016816 0.006712 0.000000 -0.016946 0.999661 0.019773 15.032500 -0.006377 -0.019884 0.999782 0.792900 0.000000 0.000000 0.000000 1.000000
0.999769 0.021062 0.004338 0.000000 -0.021151 0.999546 0.021437 15.032500 -0.003885 -0.021523 0.999761 0.792900 0.000000 0.000000 0.000000 1.000000
0.999636 0.026802 0.003165 -0.000000 -0.026868 0.999366 0.023378 15.032500 -0.002536 -0.023454 0.999722 0.792900 0.000000 0.000000 0.000000 1.000000
0.999573 0.029024 0.003401 -0.000000 -0.029098 0.999285 0.024121 15.032500 -0.002698 -0.024209 0.999703 0.792900 0.000000 0.000000 0.000000 1.000000
0.999655 0.025936 0.004262 -0.000000 -0.026026 0.999404 0.022692 15.032500 -0.003671 -0.022796 0.999733 0.792900 0.000000 0.000000 0.000000 1.000000
0.999702 0.023431 0.006920 0.000000 -0.023589 0.999439 0.023764 15.032500 -0.006360 -0.023920 0.999694 0.792900 0.000000 0.000000 0.000000 1.000000</float_array><technique_common><accessor source="#mixamorig_Neck-Matrix-animation-output-transform-array" count="22" stride="16"><param type="float4x4"/></accessor></technique_common></source><source id="mixamorig_Neck-Interpolations"><Name_array id="mixamorig_Neck-Interpolations-array" count="22">
 LINEAR LINEAR LINEAR LINEAR LINEAR LINEAR LINEAR LINEAR LINEAR LINEAR LINEAR
LINEAR LINEAR LINEAR LINEAR LINEAR LINEAR LINEAR LINEAR LINEAR LINEAR LINEAR</Name_array><technique_common><accessor source="#mixamorig_Neck-Interpolations-array" count="22"><param type="name"/></accessor></technique_common></source><sampler id="mixamorig_Neck-Matrix-animation-transform"><input semantic="INPUT" source="#mixamorig_Neck-Matrix-animation-input"/><input semantic="OUTPUT" source="#mixamorig_Neck-Matrix-animation-output-transform"/><input semantic="INTERPOLATION" source="#mixamorig_Neck-Interpolations"/></sampler><channel source="#mixamorig_Neck-Matrix-animation-transform" target="mixamorig_Neck/matrix"/></animation>
    <animation id="mixamorig_Head-anim" name="mixamorig_Head"><source id="mixamorig_Head-Matrix-animation-input"><float_array id="mixamorig_Head-Matrix-animation-input-array" count="22">

0.000000 0.033333 0.066667 0.100000 0.133333 0.166667 0.200000 0.233333 0.266667 0.300000 0.333333 0.366667 0.400000 0.433333 0.466667 0.500000
0.533333 0.566667 0.600000 0.633333 0.666667 0.700000</float_array><technique_common><accessor source="#mixamorig_Head-Matrix-animation-input-array" count="22"><param name="TIME" type="float"/></accessor></technique_common></source><source id="mixamorig_Head-Matrix-animation-output-transform"><float_array id="mixamorig_Head-Matrix-animation-output-transform-array" count="352">

0.999482 0.012637 0.029607 -0.000000 -0.019617 0.968320 0.248942 10.321800 -0.025523 -0.249394 0.968066 3.142400 0.000000 0.000000 0.000000 1.000000
0.997169 -0.000180 0.075187 -0.000000 -0.020118 0.962899 0.269113 10.321800 -0.072446 -0.269863 0.960169 3.142400 0.000000 0.000000 0.000000 1.000000
0.993249 -0.020808 0.114125 0.000000 -0.012148 0.959717 0.280705 10.321800 -0.115368 -0.280197 0.952985 3.142400 0.000000 0.000000 0.000000 1.000000
0.985347 -0.026460 0.168495 -0.000000 -0.021381 0.960937 0.275940 10.321800 -0.169215 -0.275499 0.946291 3.142400 0.000000 0.000000 0.000000 1.000000
0.971685 -0.022453 0.235212 0.000000 -0.039591 0.965929 0.255762 10.321800 -0.232941 -0.257833 0.937689 3.142400 0.000000 0.000000 0.000000 1.000000
0.958021 -0.014361 0.286339 -0.000000 -0.048464 0.976259 0.211114 10.321800 -0.282572 -0.216128 0.934581 3.142400 0.000000 0.000000 0.000000 1.000000
0.945334 -0.003458 0.326086 -0.000000 -0.059072 0.981586 0.181660 10.321800 -0.320709 -0.190992 0.927722 3.142400 0.000000 0.000000 0.000000 1.000000
0.938409 -0.008523 0.345422 0.000000 -0.069552 0.974574 0.212998 10.321800 -0.338455 -0.223904 0.913956 3.142400 0.000000 0.000000 0.000000 1.000000
0.938206 -0.017095 0.345655 0.000000 -0.074240 0.965586 0.249263 10.321800 -0.338020 -0.259522 0.904649 3.142400 0.000000 0.000000 0.000000 1.000000
0.944324 -0.017787 0.328536 0.000000 -0.070538 0.964375 0.254961 10.321800 -0.321367 -0.263940 0.909428 3.142400 0.000000 0.000000 0.000000 1.000000
0.957216 -0.021887 0.288545 0.000000 -0.055338 0.964888 0.256766 10.321800 -0.284034 -0.261748 0.922395 3.142400 0.000000 0.000000 0.000000 1.000000
0.966680 -0.045790 0.251861 0.000000 -0.024259 0.963058 0.268199 10.321800 -0.254837 -0.265372 0.929858 3.142400 0.000000 0.000000 0.000000 1.000000
0.973067 -0.060881 0.222338 0.000000 -0.000208 0.964264 0.264945 10.321800 -0.230522 -0.257855 0.938280 3.142400 0.000000 0.000000 0.000000 1.000000
0.981536 -0.045596 0.185764 0.000000 0.000576 0.971873 0.235506 10.321800 -0.191277 -0.231050 0.953954 3.142400 0.000000 0.000000 0.000000 1.000000
0.990332 -0.038146 0.133371 -0.000000 0.008886 0.976917 0.213432 10.321800 -0.138434 -0.210184 0.967811 3.142400 0.000000 0.000000 0.000000 1.000000
0.996108 -0.036834 0.080080 0.000000 0.019487 0.978048 0.207466 10.321800 -0.085964 -0.205098 0.974959 3.142400 0.000000 0.000000 0.000000 1.000000
0.998909 -0.035914 0.029853 0.000000 0.028911 0.977564 0.208646 10.321800 -0.036676 -0.207555 0.977535 3.142400 0.000000 0.000000 0.000000 1.000000
0.999248 -0.035615 -0.015334 -0.000000 0.038076 0.976015 0.214346 10.321800 0.007332 -0.214769 0.976637 3.142400 0.000000 0.000000 0.000000 1.000000
0.998285 -0.033802 -0.047798 -0.000000 0.043802 0.972963 0.226771 10.321800 0.038840 -0.228476 0.972774 3.142400 0.000000 0.000000 0.000000 1.000000
0.999126 0.000639 -0.041788 0.000000 0.008711 0.974743 0.223162 10.321800 0.040875 -0.223331 0.973885 3.142400 0.000000 0.000000 0.000000 1.000000
0.999754 0.016426 -0.014927 -0.000000 -0.012573 0.973336 0.229041 10.321800 0.018291 -0.228797 0.973302 3.142400 0.000000 0.000000 0.000000 1.000000
0.999482 0.012637 0.029607 0.000000 -0.019617 0.968320 0.248942 10.321800 -0.025523 -0.249394 0.968066 3.142400 0.000000 0.000000 0.000000 1.000000</float_array><technique_common><accessor source="#mixamorig_Head-Matrix-animation-output-transform-array" count="22" stride="16"><param type="float4x4"/></accessor></technique_common></source><source id="mixamorig_Head-Interpolations"><Name_array id="mixamorig_Head-Interpolations-array" count="22">
 LINEAR LINEAR LINEAR LINEAR LINEAR LINEAR LINEAR LINEAR LINEAR LINEAR LINEAR
LINEAR LINEAR LINEAR LINEAR LINEAR LINEAR LINEAR LINEAR LINEAR LINEAR LINEAR</Name_array><technique_common><accessor source="#mixamorig_Head-Interpolations-array" count="22"><param type="name"/></accessor></technique_common></source><sampler id="mixamorig_Head-Matrix-animation-transform"><input semantic="INPUT" source="#mixamorig_Head-Matrix-animation-input"/><input semantic="OUTPUT" source="#mixamorig_Head-Matrix-animation-output-transform"/><input semantic="INTERPOLATION" source="#mixamorig_Head-Interpolations"/></sampler><channel source="#mixamorig_Head-Matrix-animation-transform" target="mixamorig_Head/matrix"/></animation>
    <animation id="mixamorig_LeftShoulder-anim" name="mixamorig_LeftShoulder"><source id="mixamorig_LeftShoulder-Matrix-animation-input"><float_array id="mixamorig_LeftShoulder-Matrix-animation-input-array" count="22">

0.000000 0.033333 0.066667 0.100000 0.133333 0.166667 0.200000 0.233333 0.266667 0.300000 0.333333 0.366667 0.400000 0.433333 0.466667 0.500000
0.533333 0.566667 0.600000 0.633333 0.666667 0.700000</float_array><technique_common><accessor source="#mixamorig_LeftShoulder-Matrix-animation-input-array" count="22"><param name="TIME" type="float"/></accessor></technique_common></source><source id="mixamorig_LeftShoulder-Matrix-animation-output-transform"><float_array id="mixamorig_LeftShoulder-Matrix-animation-output-transform-array" count="352">

0.987604 0.034489 0.153128 6.105800 -0.023818 0.997193 -0.070984 9.110400 -0.155146 0.066457 0.985654 0.705600 0.000000 0.000000 0.000000 1.000000
0.990652 0.030270 0.133015 6.105800 -0.021159 0.997366 -0.069379 9.110400 -0.134765 0.065916 0.988683 0.705600 0.000000 0.000000 0.000000 1.000000
0.993292 0.026997 0.112439 6.105800 -0.019407 0.997492 -0.068061 9.110400 -0.113995 0.065422 0.991325 0.705600 0.000000 0.000000 0.000000 1.000000
0.995491 0.022533 0.092136 6.105800 -0.016408 0.997638 -0.066699 9.110400 -0.093421 0.064887 0.993510 0.705600 0.000000 0.000000 0.000000 1.000000
0.997142 0.014248 0.074196 6.105800 -0.009414 0.997834 -0.065105 9.110400 -0.074962 0.064221 0.995116 0.705600 0.000000 0.000000 0.000000 1.000000
0.998048 0.002965 0.062377 6.105800 0.001010 0.997975 -0.063604 9.110400 -0.062440 0.063543 0.996024 0.705600 0.000000 0.000000 0.000000 1.000000
0.998169 -0.005706 0.060217 6.105800 0.009491 0.997984 -0.062760 9.110400 -0.059738 0.063217 0.996210 0.705600 0.000000 0.000000 0.000000 1.000000
0.997742 -0.008588 0.066618 6.105800 0.012773 0.997954 -0.062642 9.110400 -0.065943 0.063352 0.995810 0.705600 0.000000 0.000000 0.000000 1.000000
0.996942 -0.004802 0.077997 6.105800 0.009754 0.997950 -0.063244 9.110400 -0.077533 0.063811 0.994946 0.705600 0.000000 0.000000 0.000000 1.000000
0.995745 0.001512 0.092138 6.105800 0.004421 0.997930 -0.064152 9.110400 -0.092045 0.064287 0.993678 0.705600 0.000000 0.000000 0.000000 1.000000
0.994024 0.007455 0.108907 6.105800 -0.000329 0.997865 -0.065304 9.110400 -0.109161 0.064878 0.991905 0.705600 0.000000 0.000000 0.000000 1.000000
0.991641 0.010783 0.128578 6.105800 -0.002230 0.997786 -0.066474 9.110400 -0.129010 0.065632 0.989469 0.705600 0.000000 0.000000 0.000000 1.000000
0.987975 0.005705 0.154506 6.105800 0.004708 0.997745 -0.066949 9.110400 -0.154540 0.066871 0.985721 0.705600 0.000000 0.000000 0.000000 1.000000
0.982378 -0.009050 0.186685 6.105800 0.021692 0.997598 -0.065785 9.110400 -0.185641 0.068675 0.980215 0.705600 0.000000 0.000000 0.000000 1.000000
0.979365 -0.015085 0.201538 6.105800 0.028760 0.997465 -0.065096 9.110400 -0.200045 0.069549 0.977315 0.705600 0.000000 0.000000 0.000000 1.000000
0.978245 -0.017388 0.206721 6.105800 0.031433 0.997400 -0.064850 9.110400 -0.205056 0.069937 0.976248 0.705600 0.000000 0.000000 0.000000 1.000000
0.978326 -0.017681 0.206316 6.105800 0.031713 0.997387 -0.064906 9.110400 -0.204629 0.070042 0.976330 0.705600 0.000000 0.000000 0.000000 1.000000
0.979391 -0.015444 0.201381 6.105800 0.029165 0.997436 -0.065349 9.110400 -0.199855 0.069876 0.977331 0.705600 0.000000 0.000000 0.000000 1.000000
0.981153 -0.010176 0.192963 6.105800 0.023364 0.997533 -0.066196 9.110400 -0.191813 0.069457 0.978971 0.705600 0.000000 0.000000 0.000000 1.000000
0.983279 -0.001381 0.182098 6.105800 0.013883 0.997629 -0.067400 9.110400 -0.181573 0.068801 0.980968 0.705600 0.000000 0.000000 0.000000 1.000000
0.985409 0.011439 0.169821 6.105800 0.000290 0.997625 -0.068882 9.110400 -0.170206 0.067926 0.983065 0.705600 0.000000 0.000000 0.000000 1.000000
0.987604 0.034489 0.153128 6.105800 -0.023818 0.997193 -0.070984 9.110400 -0.155146 0.066457 0.985654 0.705600 0.000000 0.000000 0.000000 1.000000</float_array><technique_common><accessor source="#mixamorig_LeftShoulder-Matrix-animation-output-transform-array" count="22" stride="16"><param type="float4x4"/></accessor></technique_common></source><source id="mixamorig_LeftShoulder-Interpolations"><Name_array id="mixamorig_LeftShoulder-Interpolations-array" count="22">
 LINEAR LINEAR LINEAR LINEAR LINEAR LINEAR LINEAR LINEAR LINEAR LINEAR LINEAR
LINEAR LINEAR LINEAR LINEAR LINEAR LINEAR LINEAR LINEAR LINEAR LINEAR LINEAR</Name_array><technique_common><accessor source="#mixamorig_LeftShoulder-Interpolations-array" count="22"><param type="name"/></accessor></technique_common></source><sampler id="mixamorig_LeftShoulder-Matrix-animation-transform"><input semantic="INPUT" source="#mixamorig_LeftShoulder-Matrix-animation-input"/><input semantic="OUTPUT" source="#mixamorig_LeftShoulder-Matrix-animation-output-transform"/><input semantic="INTERPOLATION" source="#mixamorig_LeftShoulder-Interpolations"/></sampler><channel source="#mixamorig_LeftShoulder-Matrix-animation-transform" target="mixamorig_LeftShoulder/matrix"/></animation>
    <animation id="mixamorig_LeftArm-anim" name="mixamorig_LeftArm"><source id="mixamorig_LeftArm-Matrix-animation-input"><float_array id="mixamorig_LeftArm-Matrix-animation-input-array" count="22">

0.000000 0.033333 0.066667 0.100000 0.133333 0.166667 0.200000 0.233333 0.266667 0.300000 0.333333 0.366667 0.400000 0.433333 0.466667 0.500000
0.533333 0.566667 0.600000 0.633333 0.666667 0.700000</float_array><technique_common><accessor source="#mixamorig_LeftArm-Matrix-animation-input-array" count="22"><param name="TIME" type="float"/></accessor></technique_common></source><source id="mixamorig_LeftArm-Matrix-animation-output-transform"><float_array id="mixamorig_LeftArm-Matrix-animation-output-transform-array" count="352">

0.580087 0.553314 -0.597781 12.655000 -0.766356 0.619426 -0.170323 -0.265900 0.276039 0.556915 0.783357 -2.600900 0.000000 0.000000 0.000000 1.000000
0.562974 0.537884 -0.627488 12.655000 -0.777536 0.602078 -0.181492 -0.265900 0.280175 0.590070 0.757179 -2.600900 0.000000 0.000000 0.000000 1.000000
0.524859 0.518962 -0.674686 12.655000 -0.798859 0.573965 -0.179968 -0.265900 0.293850 0.633437 0.715828 -2.600900 0.000000 0.000000 0.000000 1.000000
0.465731 0.494015 -0.734196 12.655000 -0.823083 0.546539 -0.154368 -0.265900 0.325006 0.676199 0.661155 -2.600900 0.000000 0.000000 0.000000 1.000000
0.412752 0.465461 -0.782931 12.655000 -0.837603 0.531671 -0.125490 -0.265900 0.357851 0.707582 0.609320 -2.600900 0.000000 0.000000 0.000000 1.000000
0.376384 0.430675 -0.820277 12.655000 -0.847880 0.516976 -0.117619 -0.265900 0.373409 0.739767 0.559742 -2.600900 0.000000 0.000000 0.000000 1.000000
0.380040 0.393493 -0.837097 12.655000 -0.847960 0.509739 -0.145360 -0.265900 0.369503 0.765068 0.527388 -2.600900 0.000000 0.000000 0.000000 1.000000
0.416256 0.379410 -0.826304 12.655000 -0.839176 0.510150 -0.188497 -0.265900 0.350021 0.771878 0.530745 -2.600900 0.000000 0.000000 0.000000 1.000000
0.457904 0.429870 -0.778162 12.655000 -0.835648 0.506802 -0.211765 -0.265900 0.303343 0.747237 0.591286 -2.600900 0.000000 0.000000 0.000000 1.000000
0.490429 0.510040 -0.706639 12.655000 -0.838578 0.496891 -0.223351 -0.265900 0.237205 0.702110 0.671398 -2.600900 0.000000 0.000000 0.000000 1.000000
0.514904 0.593832 -0.618253 12.655000 -0.838582 0.498601 -0.219495 -0.265900 0.177918 0.631475 0.754708 -2.600900 0.000000 0.000000 0.000000 1.000000
0.535218 0.667189 -0.518075 12.655000 -0.836131 0.505649 -0.212612 -0.265900 0.120112 0.546972 0.828489 -2.600900 0.000000 0.000000 0.000000 1.000000
0.544895 0.725896 -0.419720 12.655000 -0.837569 0.494824 -0.231575 -0.265900 0.039588 0.477729 0.877615 -2.600900 0.000000 0.000000 0.000000 1.000000
0.536752 0.774683 -0.334311 12.655000 -0.841557 0.463059 -0.278135 -0.265900 -0.060661 0.430631 0.900487 -2.600900 0.000000 0.000000 0.000000 1.000000
0.534509 0.788128 -0.305212 12.655000 -0.839505 0.453382 -0.299461 -0.265900 -0.097636 0.416292 0.903974 -2.600900 0.000000 0.000000 0.000000 1.000000
0.541055 0.782799 -0.307385 12.655000 -0.834484 0.454359 -0.311759 -0.265900 -0.104382 0.425187 0.899067 -2.600900 0.000000 0.000000 0.000000 1.000000
0.553414 0.765300 -0.328709 12.655000 -0.827723 0.461371 -0.319392 -0.265900 -0.092774 0.448836 0.888785 -2.600900 0.000000 0.000000 0.000000 1.000000
0.569801 0.736459 -0.364630 12.655000 -0.819415 0.475507 -0.320082 -0.265900 -0.062343 0.481167 0.874410 -2.600900 0.000000 0.000000 0.000000 1.000000
0.586778 0.697605 -0.411144 12.655000 -0.809652 0.497628 -0.311176 -0.265900 -0.012482 0.515475 0.856814 -2.600900 0.000000 0.000000 0.000000 1.000000
0.599489 0.651458 -0.464990 12.655000 -0.798356 0.528030 -0.289503 -0.265900 0.056930 0.544782 0.836643 -2.600900 0.000000 0.000000 0.000000 1.000000
0.602093 0.602819 -0.523539 12.655000 -0.785179 0.565993 -0.251289 -0.265900 0.144838 0.562371 0.814101 -2.600900 0.000000 0.000000 0.000000 1.000000
0.580087 0.553314 -0.597781 12.655000 -0.766356 0.619426 -0.170323 -0.265900 0.276039 0.556915 0.783357 -2.600900 0.000000 0.000000 0.000000 1.000000</float_array><technique_common><accessor source="#mixamorig_LeftArm-Matrix-animation-output-transform-array" count="22" stride="16"><param type="float4x4"/></accessor></technique_common></source><source id="mixamorig_LeftArm-Interpolations"><Name_array id="mixamorig_LeftArm-Interpolations-array" count="22">
