<?xml version="1.0" encoding="utf-8"?>
<COLLADA xmlns="http://www.collada.org/2005/11/COLLADASchema" version="1.4.1">
  <asset><contributor><author>Mixamo</author><authoring_tool>COLLADA Mixamo exporter</authoring_tool><comments></comments></contributor><created>2019-05-29T02:04:14Z</created><modified>2019-05-29T02:04:14Z</modified><revision></revision><title></title><unit meter="0.010000"/><up_axis>Y_UP</up_axis></asset>
  <library_animations>
    <animation id="mixamorig_Hips-anim" name="mixamorig_Hips"><source id="mixamorig_Hips-Matrix-animation-input"><float_array id="mixamorig_Hips-Matrix-animation-input-array" count="22">

0.000000 0.033333 0.066667 0.100000 0.133333 0.166667 0.200000 0.233333 0.266667 0.300000 0.333333 0.366667 0.400000 0.433333 0.466667 0.500000
0.533333 0.566667 0.600000 0.633333 0.666667 0.700000</float_array><technique_common><accessor source="#mixamorig_Hips-Matrix-animation-input-array" count="22"><param name="TIME" type="float"/></accessor></technique_common></source><source id="mixamorig_Hips-Matrix-animation-output-transform"><float_array id="mixamorig_Hips-Matrix-animation-output-transform-array" count="352">

0.998665 0.000468 0.051643 -0.091674 0.002796 0.998002 -0.063116 99.543259 -0.051570 0.063176 0.996669 0.379523 0.000000 0.000000 0.000000 1.000000
0.999522 -0.004252 0.030619 0.258287 0.006124 0.998101 -0.061292 98.023048 -0.030300 0.061450 0.997650 0.136750 0.000000 0.000000 0.000000 1.000000
0.999603 -0.025916 -0.011036 0.849084 0.025246 0.998050 -0.057086 97.053329 0.012494 0.056785 0.998308 0.281467 0.000000 0.000000 0.000000 1.000000
0.998423 -0.044005 -0.034847 0.799967 0.041634 0.996946 -0.066063 97.157684 0.037648 0.064508 0.997207 0.968486 0.000000 0.000000 0.000000 1.000000
0.998059 -0.059822 -0.017281 0.530687 0.058161 0.994733 -0.084401 98.020943 0.022239 0.083232 0.996282 1.757697 0.000000 0.000000 0.000000 1.000000
0.996860 -0.074256 0.027505 0.331181 0.076753 0.991510 -0.104962 98.802109 -0.019477 0.106743 0.994096 2.496858 0.000000 0.000000 0.000000 1.000000
0.992056 -0.084396 0.093283 -0.486706 0.095217 0.988390 -0.118400 99.752319 -0.082208 0.126342 0.988575 3.193873 0.000000 0.000000 0.000000 1.000000
0.986043 -0.105927 0.128449 -1.685993 0.122397 0.984199 -0.127950 100.221313 -0.112866 0.141886 0.983428 3.842271 0.000000 0.000000 0.000000 1.000000
0.979864 -0.143291 0.139046 -3.039152 0.161073 0.978816 -0.126393 99.828278 -0.117989 0.146244 0.982187 4.459326 0.000000 0.000000 0.000000 1.000000
0.969366 -0.183761 0.162977 -4.210340 0.204593 0.971240 -0.121798 98.784821 -0.135909 0.151411 0.979083 5.035077 0.000000 0.000000 0.000000 1.000000
0.957938 -0.204191 0.201646 -4.510869 0.228806 0.967551 -0.107202 96.857605 -0.173213 0.148830 0.973574 5.399764 0.000000 0.000000 0.000000 1.000000
0.946604 -0.205024 0.248810 -4.497691 0.232722 0.968623 -0.087234 95.262863 -0.223118 0.140480 0.964616 5.682338 0.000000 0.000000 0.000000 1.000000
0.938472 -0.191727 0.287248 -4.323423 0.222844 0.971603 -0.079546 94.701828 -0.263840 0.138663 0.954548 6.031420 0.000000 0.000000 0.000000 1.000000
0.936697 -0.167165 0.307660 -4.030456 0.202533 0.975436 -0.086634 94.814125 -0.285620 0.143461 0.947544 6.430532 0.000000 0.000000 0.000000 1.000000
0.944176 -0.150521 0.293045 -3.418926 0.185784 0.977859 -0.096315 95.240036 -0.272059 0.145382 0.951235 6.701514 0.000000 0.000000 0.000000 1.000000
0.957561 -0.127391 0.258550 -2.916781 0.159123 0.981585 -0.105687 96.341049 -0.240326 0.142344 0.960199 6.748835 0.000000 0.000000 0.000000 1.000000
0.973189 -0.094008 0.209918 -3.041933 0.119229 0.986654 -0.110896 97.922646 -0.196691 0.132951 0.971410 6.233992 0.000000 0.000000 0.000000 1.000000
0.984186 -0.061251 0.166212 -3.567678 0.080045 0.990831 -0.108839 99.546310 -0.158021 0.120422 0.980065 5.208478 0.000000 0.000000 0.000000 1.000000
0.989182 -0.039494 0.141276 -4.403976 0.054074 0.993426 -0.100900 100.150795 -0.136362 0.107447 0.984815 3.693824 0.000000 0.000000 0.000000 1.000000
0.992182 -0.025748 0.122112 -5.399794 0.037108 0.995096 -0.091692 100.491287 -0.119153 0.095507 0.988272 2.064701 0.000000 0.000000 0.000000 1.000000
0.995855 -0.014435 0.089797 -4.871343 0.022017 0.996220 -0.084026 100.068466 -0.088245 0.085655 0.992409 1.291394 0.000000 0.000000 0.000000 1.000000
0.998308 -0.001762 0.058119 -3.996295 0.005932 0.997412 -0.071654 99.639702 -0.057842 0.071877 0.995735 0.813506 0.000000 0.000000 0.000000 1.000000</float_array><technique_common><accessor source="#mixamorig_Hips-Matrix-animation-output-transform-array" count="22" stride="16"><param type="float4x4"/></accessor></technique_common></source><source id="mixamorig_Hips-Interpolations"><Name_array id="mixamorig_Hips-Interpolations-array" count="22">
 LINEAR LINEAR LINEAR LINEAR LINEAR LINEAR LINEAR LINEAR LINEAR LINEAR LINEAR
LINEAR LINEAR LINEAR LINEAR LINEAR LINEAR LINEAR LINEAR LINEAR LINEAR LINEAR</Name_array><technique_common><accessor source="#mixamorig_Hips-Interpolations-array" count="22"><param type="name"/></accessor></technique_common></source><sampler id="mixamorig_Hips-Matrix-animation-transform"><input semantic="INPUT" source="#mixamorig_Hips-Matrix-animation-input"/><input semantic="OUTPUT" source="#mixamorig_Hips-Matrix-animation-output-transform"/><input semantic="INTERPOLATION" source="#mixamorig_Hips-Interpolations"/></sampler><channel source="#mixamorig_Hips-Matrix-animation-transform" target="mixamorig_Hips/matrix"/></animation>
    <animation id="mixamorig_Spine-anim" name="mixamorig_Spine"><source id="mixamorig_Spine-Matrix-animation-input"><float_array id="mixamorig_Spine-Matrix-animation-input-array" count="22">

0.000000 0.033333 0.066667 0.100000 0.133333 0.166667 0.200000 0.233333 0.266667 0.300000 0.333333 0.366667 0.400000 0.433333 0.466667 0.500000
0.533333 0.566667 0.600000 0.633333 0.666667 0.700000</float_array><technique_common><accessor source="#mixamorig_Spine-Matrix-animation-input-array" count="22"><param name="TIME" type="float"/></accessor></technique_common></source><source id="mixamorig_Spine-Matrix-animation-output-transform"><float_array id="mixamorig_Spine-Matrix-animation-output-transform-array" count="352">

0.995441 -0.072037 -0.062518 0.000000 0.064418 0.991118 -0.116342 9.923500 0.070344 0.111784 0.991240 -1.227300 0.000000 0.000000 0.000000 1.000000
0.997470 -0.065548 -0.027514 0.000000 0.062056 0.991680 -0.112786 9.923500 0.034678 0.110794 0.993238 -1.227300 0.000000 0.000000 0.000000 1.000000
0.998919 -0.046421 0.002391 0.000000 0.046407 0.993042 -0.108227 9.923500 0.002650 0.108221 0.994123 -1.227300 0.000000 0.000000 0.000000 1.000000
0.999280 -0.032844 0.018968 0.000000 0.034470 0.995070 -0.092990 9.923500 -0.015820 0.093577 0.995486 -1.227300 0.000000 0.000000 0.000000 1.000000
0.999156 -0.031407 0.026484 0.000000 0.033460 0.996152 -0.081001 9.923500 -0.023838 0.081819 0.996362 -1.227300 0.000000 0.000000 0.000000 1.000000
0.999048 -0.033670 0.027726 -0.000000 0.035632 0.996648 -0.073637 9.923500 -0.025154 0.074555 0.996900 -1.227300 0.000000 0.000000 0.000000 1.000000
0.999456 -0.027754 0.017839 0.000000 0.028904 0.997279 -0.067813 9.923500 -0.015909 0.068291 0.997539 -1.227300 0.000000 0.000000 0.000000 1.000000
0.999950 -0.000175 0.009950 -0.000000 0.000838 0.997775 -0.066659 9.923500 -0.009917 0.066664 0.997726 -1.227300 0.000000 0.000000 0.000000 1.000000
0.998975 0.045268 -0.000520 0.000000 -0.045162 0.995709 -0.080773 9.923500 -0.003139 0.080714 0.996732 -1.227300 0.000000 0.000000 0.000000 1.000000
0.996339 0.081235 -0.026622 0.000000 -0.083379 0.992175 -0.092935 9.923500 0.018864 0.094815 0.995316 -1.227300 0.000000 0.000000 0.000000 1.000000
0.993311 0.096349 -0.063643 0.000000 -0.102741 0.989015 -0.106268 9.923500 0.052706 0.112096 0.992299 -1.227300 0.000000 0.000000 0.000000 1.000000
0.991208 0.085851 -0.100678 0.000000 -0.097951 0.987667 -0.122148 9.923500 0.088950 0.130936 0.987392 -1.227300 0.000000 0.000000 0.000000 1.000000
0.988527 0.069726 -0.133990 0.000000 -0.085692 0.989388 -0.117340 9.923500 0.124386 0.127476 0.984011 -1.227300 0.000000 0.000000 0.000000 1.000000
0.984209 0.046485 -0.170795 0.000000 -0.061765 0.994442 -0.085266 9.923500 0.165882 0.094469 0.981610 -1.227300 0.000000 0.000000 0.000000 1.000000
0.980725 0.018225 -0.194540 -0.000000 -0.029531 0.998029 -0.055375 9.923500 0.193148 0.060053 0.979330 -1.227300 0.000000 0.000000 0.000000 1.000000
0.978498 -0.013029 -0.205845 0.000000 0.006247 0.999417 -0.033565 9.923500 0.206162 0.031557 0.978009 -1.227300 0.000000 0.000000 0.000000 1.000000
0.978729 -0.051754 -0.198524 -0.000000 0.047189 0.998503 -0.027660 9.923500 0.199658 0.017703 0.979706 -1.227300 0.000000 0.000000 0.000000 1.000000
0.979062 -0.087066 -0.184001 0.000000 0.080827 0.995878 -0.041155 9.923500 0.186826 0.025421 0.982064 -1.227300 0.000000 0.000000 0.000000 1.000000
0.980259 -0.102022 -0.169364 -0.000000 0.092142 0.993607 -0.065226 9.923500 0.174935 0.048333 0.983393 -1.227300 0.000000 0.000000 0.000000 1.000000
0.983892 -0.097392 -0.149904 -0.000000 0.084712 0.992443 -0.088779 9.923500 0.157417 0.074650 0.984707 -1.227300 0.000000 0.000000 0.000000 1.000000
0.988889 -0.094157 -0.115035 0.000000 0.084173 0.992489 -0.088773 9.923500 0.122529 0.078104 0.989387 -1.227300 0.000000 0.000000 0.000000 1.000000
0.993827 -0.080250 -0.076598 0.000000 0.072080 0.991957 -0.104043 9.923500 0.084331 0.097879 0.991619 -1.227300 0.000000 0.000000 0.000000 1.000000</float_array><technique_common><accessor source="#mixamorig_Spine-Matrix-animation-output-transform-array" count="22" stride="16"><param type="float4x4"/></accessor></technique_common></source><source id="mixamorig_Spine-Interpolations"><Name_array id="mixamorig_Spine-Interpolations-array" count="22">
 LINEAR LINEAR LINEAR LINEAR LINEAR LINEAR LINEAR LINEAR LINEAR LINEAR LINEAR
LINEAR LINEAR LINEAR LINEAR LINEAR LINEAR LINEAR LINEAR LINEAR LINEAR LINEAR</Name_array><technique_common><accessor source="#mixamorig_Spine-Interpolations-array" count="22"><param type="name"/></accessor></technique_common></source><sampler id="mixamorig_Spine-Matrix-animation-transform"><input semantic="INPUT" source="#mixamorig_Spine-Matrix-animation-input"/><input semantic="OUTPUT" source="#mixamorig_Spine-Matrix-animation-output-transform"/><input semantic="INTERPOLATION" source="#mixamorig_Spine-Interpolations"/></sampler><channel source="#mixamorig_Spine-Matrix-animation-transform" target="mixamorig_Spine/matrix"/></animation>
    <animation id="mixamorig_Spine1-anim" name="mixamorig_Spine1"><source id="mixamorig_Spine1-Matrix-animation-input"><float_array id="mixamorig_Spine1-Matrix-animation-input-array" count="22">

0.000000 0.033333 0.066667 0.100000 0.133333 0.166667 0.200000 0.233333 0.266667 0.300000 0.333333 0.366667 0.400000 0.433333 0.466667 0.500000
0.533333 0.566667 0.600000 0.633333 0.666667 0.700000</float_array><technique_common><accessor source="#mixamorig_Spine1-Matrix-animation-input-array" count="22"><param name="TIME" type="float"/></accessor></technique_common></source><source id="mixamorig_Spine1-Matrix-animation-output-transform"><float_array id="mixamorig_Spine1-Matrix-animation-output-transform-array" count="352">

0.995567 -0.029220 -0.089401 -0.000100 0.027601 0.999433 -0.019288 11.645400 0.089914 0.016735 0.995809 -1.422300 0.000000 0.000000 0.000000 1.000000
0.997000 -0.025493 -0.073077 -0.000100 0.023747 0.999414 -0.024663 11.645400 0.073662 0.022854 0.997021 -1.422300 0.000000 0.000000 0.000000 1.000000
0.998028 -0.023647 -0.058146 -0.000100 0.022296 0.999469 -0.023773 11.645400 0.058677 0.022430 0.998025 -1.422300 0.000000 0.000000 0.000000 1.000000
0.998442 -0.026101 -0.049326 -0.000100 0.025382 0.999563 -0.015149 11.645400 0.049700 0.013874 0.998668 -1.422300 0.000000 0.000000 0.000000 1.000000
0.998711 -0.020818 -0.046300 -0.000100 0.020646 0.999778 -0.004189 11.645400 0.046377 0.003228 0.998919 -1.422300 0.000000 0.000000 0.000000 1.000000
0.998832 -0.011758 -0.046866 -0.000100 0.012095 0.999903 0.006918 11.645400 0.046781 -0.007477 0.998877 -1.422300 0.000000 0.000000 0.000000 1.000000
0.998664 -0.003988 -0.051515 -0.000100 0.004513 0.999939 0.010077 11.645400 0.051472 -0.010296 0.998621 -1.422300 0.000000 0.000000 0.000000 1.000000
0.998583 0.001602 -0.053201 -0.000100 -0.001026 0.999941 0.010851 11.645400 0.053215 -0.010781 0.998525 -1.422300 0.000000 0.000000 0.000000 1.000000
0.998504 0.006728 -0.054268 -0.000100 -0.006122 0.999917 0.011313 11.645400 0.054339 -0.010964 0.998462 -1.422300 0.000000 0.000000 0.000000 1.000000
0.997914 0.014685 -0.062871 -0.000100 -0.013709 0.999779 0.015924 11.645400 0.063091 -0.015029 0.997895 -1.422300 0.000000 0.000000 0.000000 1.000000
0.996896 0.012990 -0.077646 -0.000100 -0.011994 0.999840 0.013271 11.645400 0.077806 -0.012299 0.996893 -1.422300 0.000000 0.000000 0.000000 1.000000
0.995558 0.002126 -0.094131 -0.000100 -0.001138 0.999944 0.010547 11.645400 0.094148 -0.010393 0.995504 -1.422300 0.000000 0.000000 0.000000 1.000000
0.993886 -0.013334 -0.109604 -0.000100 0.014643 0.999831 0.011151 11.645400 0.109436 -0.012688 0.993913 -1.422300 0.000000 0.000000 0.000000 1.000000
0.991418 -0.026923 -0.127928 -0.000100 0.028520 0.999536 0.010667 11.645400 0.127582 -0.014224 0.991726 -1.422300 0.000000 0.000000 0.000000 1.000000
0.989559 -0.026289 -0.141708 -0.000100 0.027654 0.999588 0.007669 11.645400 0.141448 -0.011508 0.989879 -1.422300 0.000000 0.000000 0.000000 1.000000
0.988405 -0.025678 -0.149654 -0.000100 0.026108 0.999659 0.000909 11.645400 0.149580 -0.004806 0.988738 -1.422300 0.000000 0.000000 0.000000 1.000000
0.988498 -0.027767 -0.148660 -0.000100 0.026664 0.999600 -0.009410 11.645400 0.148862 0.005338 0.988844 -1.422300 0.000000 0.000000 0.000000 1.000000
0.989134 -0.029333 -0.144063 -0.000100 0.027130 0.999483 -0.017236 11.645400 0.144494 0.013140 0.989418 -1.422300 0.000000 0.000000 0.000000 1.000000
0.989887 -0.030111 -0.138623 -0.000100 0.027839 0.999445 -0.018304 11.645400 0.139097 0.014259 0.990176 -1.422300 0.000000 0.000000 0.000000 1.000000
0.990997 -0.033582 -0.129603 -0.000100 0.031713 0.999362 -0.016458 11.645400 0.130073 0.012199 0.991429 -1.422300 0.000000 0.000000 0.000000 1.000000
0.993038 -0.031031 -0.113634 -0.000100 0.028846 0.999367 -0.020826 11.645400 0.114209 0.017403 0.993304 -1.422300 0.000000 0.000000 0.000000 1.000000
0.994921 -0.030667 -0.095870 -0.000100 0.028859 0.999380 -0.020193 11.645400 0.096430 0.017324 0.995189 -1.422300 0.000000 0.000000 0.000000 1.000000</float_array><technique_common><accessor source="#mixamorig_Spine1-Matrix-animation-output-transform-array" count="22" stride="16"><param type="float4x4"/></accessor></technique_common></source><source id="mixamorig_Spine1-Interpolations"><Name_array id="mixamorig_Spine1-Interpolations-array" count="22">
 LINEAR LINEAR LINEAR LINEAR LINEAR LINEAR LINEAR LINEAR LINEAR LINEAR LINEAR
LINEAR LINEAR LINEAR LINEAR LINEAR LINEAR LINEAR LINEAR LINEAR LINEAR LINEAR</Name_array><technique_common><accessor source="#mixamorig_Spine1-Interpolations-array" count="22"><param type="name"/></accessor></technique_common></source><sampler id="mixamorig_Spine1-Matrix-animation-transform"><input semantic="INPUT" source="#mixamorig_Spine1-Matrix-animation-input"/><input semantic="OUTPUT" source="#mixamorig_Spine1-Matrix-animation-output-transform"/><input semantic="INTERPOLATION" source="#mixamorig_Spine1-Interpolations"/></sampler><channel source="#mixamorig_Spine1-Matrix-animation-transform" target="mixamorig_Spine1/matrix"/></animation>
    <animation id="mixamorig_Spine2-anim" name="mixamorig_Spine2"><source id="mixamorig_Spine2-Matrix-animation-input"><float_array id="mixamorig_Spine2-Matrix-animation-input-array" count="22">

0.000000 0.033333 0.066667 0.100000 0.133333 0.166667 0.200000 0.233333 0.266667 0.300000 0.333333 0.366667 0.400000 0.433333 0.466667 0.500000
0.533333 0.566667 0.600000 0.633333 0.666667 0.700000</float_array><technique_common><accessor source="#mixamorig_Spine2-Matrix-animation-input-array" count="22"><param name="TIME" type="float"/></accessor></technique_common></source><source id="mixamorig_Spine2-Matrix-animation-output-transform"><float_array id="mixamorig_Spine2-Matrix-animation-output-transform-array" count="352">

0.997095 -0.028549 -0.070613 0.000100 0.027308 0.999456 -0.018483 13.360200 0.071102 0.016501 0.997333 -1.626500 0.000000 0.000000 0.000000 1.000000
0.998220 -0.024450 -0.054393 0.000100 0.023174 0.999444 -0.023983 13.360200 0.054949 0.022680 0.998232 -1.626500 0.000000 0.000000 0.000000 1.000000
0.998970 -0.022417 -0.039445 0.000100 0.021501 0.999493 -0.023493 13.360200 0.039952 0.022621 0.998946 -1.626500 0.000000 0.000000 0.000000 1.000000
0.999223 -0.024850 -0.030583 0.000100 0.024395 0.999588 -0.015151 13.360200 0.030947 0.014393 0.999417 -1.626500 0.000000 0.000000 0.000000 1.000000
0.999427 -0.019703 -0.027507 0.000100 0.019591 0.999799 -0.004351 13.360200 0.027588 0.003809 0.999612 -1.626500 0.000000 0.000000 0.000000 1.000000
0.999549 -0.010878 -0.028008 0.000100 0.011067 0.999917 0.006594 13.360200 0.027934 -0.006901 0.999586 -1.626500 0.000000 0.000000 0.000000 1.000000
0.999461 -0.003261 -0.032651 0.000100 0.003573 0.999948 0.009517 13.360200 0.032619 -0.009629 0.999421 -1.626500 0.000000 0.000000 0.000000 1.000000
0.999408 0.002217 -0.034334 0.000100 -0.001882 0.999950 0.009788 13.360200 0.034354 -0.009718 0.999362 -1.626500 0.000000 0.000000 0.000000 1.000000
0.999346 0.007166 -0.035434 0.000100 -0.006834 0.999932 0.009481 13.360200 0.035500 -0.009232 0.999327 -1.626500 0.000000 0.000000 0.000000 1.000000
0.998918 0.014819 -0.044074 0.000100 -0.014239 0.999808 0.013450 13.360200 0.044265 -0.012808 0.998938 -1.626500 0.000000 0.000000 0.000000 1.000000
0.998185 0.012828 -0.058845 0.000100 -0.012252 0.999874 0.010137 13.360200 0.058967 -0.009398 0.998216 -1.626500 0.000000 0.000000 0.000000 1.000000
0.997160 0.001500 -0.075294 0.000100 -0.000983 0.999976 0.006910 13.360200 0.075303 -0.006816 0.997137 -1.626500 0.000000 0.000000 0.000000 1.000000
0.995779 -0.014102 -0.090689 0.000100 0.014804 0.999865 0.007068 13.360200 0.090577 -0.008381 0.995854 -1.626500 0.000000 0.000000 0.000000 1.000000
0.993686 -0.027013 -0.108900 0.000100 0.027904 0.999588 0.006663 13.360200 0.108675 -0.009660 0.994030 -1.626500 0.000000 0.000000 0.000000 1.000000
0.992137 -0.025149 -0.122600 0.000100 0.025975 0.999649 0.005146 13.360200 0.122428 -0.008290 0.992443 -1.626500 0.000000 0.000000 0.000000 1.000000
0.991159 -0.023257 -0.130622 0.000100 0.023465 0.999725 0.000060 13.360200 0.130584 -0.003125 0.991432 -1.626500 0.000000 0.000000 0.000000 1.000000
0.991217 -0.024542 -0.129952 0.000100 0.023611 0.999683 -0.008703 13.360200 0.130124 0.005558 0.991482 -1.626500 0.000000 0.000000 0.000000 1.000000
0.991720 -0.026311 -0.125697 0.000100 0.024574 0.999580 -0.015355 13.360200 0.126048 0.012139 0.991950 -1.626500 0.000000 0.000000 0.000000 1.000000
0.992344 -0.028027 -0.120285 0.000100 0.026268 0.999524 -0.016184 13.360200 0.120682 0.012901 0.992607 -1.626500 0.000000 0.000000 0.000000 1.000000
0.993282 -0.032531 -0.111049 0.000100 0.031062 0.999406 -0.014940 13.360200 0.111469 0.011391 0.993703 -1.626500 0.000000 0.000000 0.000000 1.000000
0.995021 -0.029785 -0.095110 0.000100 0.028088 0.999422 -0.019128 13.360200 0.095625 0.016362 0.995283 -1.626500 0.000000 0.000000 0.000000 1.000000
0.996575 -0.029727 -0.077162 0.000100 0.028333 0.999416 -0.019096 13.360200 0.077685 0.016845 0.996836 -1.626500 0.000000 0.000000 0.000000 1.000000</float_array><technique_common><accessor source="#mixamorig_Spine2-Matrix-animation-output-transform-array" count="22" stride="16"><param type="float4x4"/></accessor></technique_common></source><source id="mixamorig_Spine2-Interpolations"><Name_array id="mixamorig_Spine2-Interpolations-array" count="22">
 LINEAR LINEAR LINEAR LINEAR LINEAR LINEAR LINEAR LINEAR LINEAR LINEAR LINEAR
LINEAR LINEAR LINEAR LINEAR LINEAR LINEAR LINEAR LINEAR LINEAR LINEAR LINEAR</Name_array><technique_common><accessor source="#mixamorig_Spine2-Interpolations-array" count="22"><param type="name"/></accessor></technique_common></source><sampler id="mixamorig_Spine2-Matrix-animation-transform"><input semantic="INPUT" source="#mixamorig_Spine2-Matrix-animation-input"/><input semantic="OUTPUT" source="#mixamorig_Spine2-Matrix-animation-output-transform"/><input semantic="INTERPOLATION" source="#mixamorig_Spine2-Interpolations"/></sampler><channel source="#mixamorig_Spine2-Matrix-animation-transform" target="mixamorig_Spine2/matrix"/></animation>
    <animation id="mixamorig_Neck-anim" name="mixamorig_Neck"><source id="mixamorig_Neck-Matrix-animation-input"><float_array id="mixamorig_Neck-Matrix-animation-input-array" count="22">

0.000000 0.033333 0.066667 0.100000 0.133333 0.166667 0.200000 0.233333 0.266667 0.300000 0.333333 0.366667 0.400000 0.433333 0.466667 0.500000
0.533333 0.566667 0.600000 0.633333 0.666667 0.700000</float_array><technique_common><accessor source="#mixamorig_Neck-Matrix-animation-input-array" count="22"><param name="TIME" type="float"/></accessor></technique_common></source><source id="mixamorig_Neck-Matrix-animation-output-transform"><float_array id="mixamorig_Neck-Matrix-animation-output-transform-array" count="352">

0.989917 0.034023 0.137498 0.000000 -0.037589 0.999019 0.023417 15.032500 -0.136567 -0.028349 0.990225 0.792900 0.000000 0.000000 0.000000 1.000000
0.990344 0.033214 0.134591 0.000000 -0.036681 0.999054 0.023361 15.032500 -0.133688 -0.028072 0.990626 0.792900 0.000000 0.000000 0.000000 1.000000
0.990559 0.032282 0.133234 0.000000 -0.035364 0.999157 0.020827 15.032500 -0.132450 -0.025342 0.990866 0.792900 0.000000 0.000000 0.000000 1.000000
0.990612 0.032914 0.132684 -0.000000 -0.035562 0.999212 0.017641 15.032500 -0.131999 -0.022194 0.991001 0.792900 0.000000 0.000000 0.000000 1.000000
0.990719 0.036282 0.130992 0.000000 -0.039436 0.998989 0.021560 15.032500 -0.130077 -0.026526 0.991149 0.792900 0.000000 0.000000 0.000000 1.000000
0.990820 0.040723 0.128908 0.000000 -0.044705 0.998604 0.028148 15.032500 -0.127581 -0.033652 0.991257 0.792900 0.000000 0.000000 0.000000 1.000000
0.990923 0.044751 0.126762 -0.000000 -0.049573 0.998152 0.035147 15.032500 -0.124955 -0.041112 0.991310 0.792900 0.000000 0.000000 0.000000 1.000000
0.990909 0.048190 0.125604 0.000000 -0.053091 0.997942 0.035964 15.032500 -0.123613 -0.042305 0.991428 0.792900 0.000000 0.000000 0.000000 1.000000
0.990697 0.051477 0.125971 0.000000 -0.055893 0.997931 0.031780 15.032500 -0.124074 -0.038525 0.991525 0.792900 0.000000 0.000000 0.000000 1.000000
0.990225 0.056836 0.127377 0.000000 -0.060774 0.997780 0.027239 15.032500 -0.125546 -0.034714 0.991480 0.792900 0.000000 0.000000 0.000000 1.000000
0.989772 0.061081 0.128921 -0.000000 -0.065348 0.997437 0.029128 15.032500 -0.126811 -0.037255 0.991227 0.792900 0.000000 0.000000 0.000000 1.000000
0.989290 0.065588 0.130398 0.000000 -0.070561 0.996932 0.033883 15.032500 -0.127776 -0.042721 0.990883 0.792900 0.000000 0.000000 0.000000 1.000000
0.988826 0.068697 0.132302 0.000000 -0.073953 0.996639 0.035225 15.032500 -0.129437 -0.044615 0.990583 0.792900 0.000000 0.000000 0.000000 1.000000
0.988381 0.068949 0.135458 0.000000 -0.074015 0.996720 0.032718 15.032500 -0.132758 -0.042364 0.990243 0.792900 0.000000 0.000000 0.000000 1.000000
0.988248 0.064521 0.138574 -0.000000 -0.069266 0.997156 0.029687 15.032500 -0.136265 -0.038937 0.989907 0.792900 0.000000 0.000000 0.000000 1.000000
0.988118 0.060396 0.141337 -0.000000 -0.065171 0.997441 0.029398 15.032500 -0.139199 -0.038259 0.989525 0.792900 0.000000 0.000000 0.000000 1.000000
0.987990 0.057666 0.143353 0.000000 -0.062818 0.997522 0.031668 15.032500 -0.141172 -0.040293 0.989165 0.792900 0.000000 0.000000 0.000000 1.000000
0.988014 0.054290 0.144502 0.000000 -0.059519 0.997710 0.032113 15.032500 -0.142427 -0.040329 0.988983 0.792900 0.000000 0.000000 0.000000 1.000000
0.988246 0.050315 0.144353 -0.000000 -0.055225 0.998017 0.030208 15.032500 -0.142547 -0.037825 0.989065 0.792900 0.000000 0.000000 0.000000 1.000000
0.988575 0.046645 0.143333 0.000000 -0.051183 0.998293 0.028134 15.032500 -0.141776 -0.035148 0.989275 0.792900 0.000000 0.000000 0.000000 1.000000
0.988971 0.043299 0.141641 0.000000 -0.047371 0.998552 0.025503 15.032500 -0.140332 -0.031932 0.989589 0.792900 0.000000 0.000000 0.000000 1.000000
0.989632 0.036755 0.138842 0.000000 -0.040443 0.998898 0.023829 15.032500 -0.137813 -0.029197 0.990028 0.792900 0.000000 0.000000 0.000000 1.000000</float_array><technique_common><accessor source="#mixamorig_Neck-Matrix-animation-output-transform-array" count="22" stride="16"><param type="float4x4"/></accessor></technique_common></source><source id="mixamorig_Neck-Interpolations"><Name_array id="mixamorig_Neck-Interpolations-array" count="22">
 LINEAR LINEAR LINEAR LINEAR LINEAR LINEAR LINEAR LINEAR LINEAR LINEAR LINEAR
LINEAR LINEAR LINEAR LINEAR LINEAR LINEAR LINEAR LINEAR LINEAR LINEAR LINEAR</Name_array><technique_common><accessor source="#mixamorig_Neck-Interpolations-array" count="22"><param type="name"/></accessor></technique_common></source><sampler id="mixamorig_Neck-Matrix-animation-transform"><input semantic="INPUT" source="#mixamorig_Neck-Matrix-animation-input"/><input semantic="OUTPUT" source="#mixamorig_Neck-Matrix-animation-output-transform"/><input semantic="INTERPOLATION" source="#mixamorig_Neck-Interpolations"/></sampler><channel source="#mixamorig_Neck-Matrix-animation-transform" target="mixamorig_Neck/matrix"/></animation>
    <animation id="mixamorig_Head-anim" name="mixamorig_Head"><source id="mixamorig_Head-Matrix-animation-input"><float_array id="mixamorig_Head-Matrix-animation-input-array" count="22">

0.000000 0.033333 0.066667 0.100000 0.133333 0.166667 0.200000 0.233333 0.266667 0.300000 0.333333 0.366667 0.400000 0.433333 0.466667 0.500000
0.533333 0.566667 0.600000 0.633333 0.666667 0.700000</float_array><technique_common><accessor source="#mixamorig_Head-Matrix-animation-input-array" count="22"><param name="TIME" type="float"/></accessor></technique_common></source><source id="mixamorig_Head-Matrix-animation-output-transform"><float_array id="mixamorig_Head-Matrix-animation-output-transform-array" count="352">

0.997063 -0.037930 0.066530 0.000000 0.017899 0.960090 0.279117 10.321800 -0.074461 -0.277106 0.957950 3.142400 0.000000 0.000000 0.000000 1.000000
0.999168 -0.025732 0.031636 -0.000000 0.015426 0.956634 0.290883 10.321800 -0.037749 -0.290153 0.956235 3.142400 0.000000 0.000000 0.000000 1.000000
0.999720 -0.014003 0.019061 -0.000000 0.008162 0.960646 0.277656 10.321800 -0.022199 -0.277422 0.960492 3.142400 0.000000 0.000000 0.000000 1.000000
0.999906 -0.002372 0.013490 0.000000 -0.001161 0.966666 0.256037 10.321800 -0.013648 -0.256029 0.966573 3.142400 0.000000 0.000000 0.000000 1.000000
0.999841 0.007741 -0.016037 0.000000 -0.003693 0.971131 0.238517 10.321800 0.017421 -0.238420 0.971006 3.142400 0.000000 0.000000 0.000000 1.000000
0.998366 0.016122 -0.054813 0.000000 -0.003379 0.974346 0.225030 10.321800 0.057035 -0.224477 0.972809 3.142400 0.000000 0.000000 0.000000 1.000000
0.995278 0.020396 -0.094896 -0.000000 0.001804 0.973618 0.228175 10.321800 0.097047 -0.227269 0.968984 3.142400 0.000000 0.000000 0.000000 1.000000
0.992360 0.018817 -0.121930 -0.000000 0.010781 0.971292 0.237644 10.321800 0.122902 -0.237143 0.963669 3.142400 0.000000 0.000000 0.000000 1.000000
0.991243 0.002782 -0.132022 0.000000 0.027234 0.973978 0.225001 10.321800 0.129212 -0.226626 0.965373 3.142400 0.000000 0.000000 0.000000 1.000000
0.990951 -0.010396 -0.133824 -0.000000 0.039574 0.975307 0.217278 10.321800 0.128260 -0.220608 0.966893 3.142400 0.000000 0.000000 0.000000 1.000000
0.991948 -0.013021 -0.125975 -0.000000 0.043505 0.969204 0.242387 10.321800 0.118939 -0.245916 0.961966 3.142400 0.000000 0.000000 0.000000 1.000000
0.993325 0.000306 -0.115351 0.000000 0.030665 0.963313 0.266622 10.321800 0.111201 -0.268379 0.956874 3.142400 0.000000 0.000000 0.000000 1.000000
0.995340 0.014982 -0.095256 -0.000000 0.011716 0.961747 0.273687 10.321800 0.095713 -0.273528 0.957090 3.142400 0.000000 0.000000 0.000000 1.000000
0.998436 0.021832 -0.051459 -0.000000 -0.007105 0.962677 0.270560 10.321800 0.055445 -0.269771 0.961327 3.142400 0.000000 0.000000 0.000000 1.000000
0.999695 0.024285 0.004546 0.000000 -0.024641 0.966604 0.255089 10.321800 0.001801 -0.255123 0.966907 3.142400 0.000000 0.000000 0.000000 1.000000
0.998189 0.026109 0.054195 0.000000 -0.038442 0.969806 0.240829 10.321800 -0.046271 -0.242476 0.969053 3.142400 0.000000 0.000000 0.000000 1.000000
0.995843 0.021304 0.088558 0.000000 -0.042375 0.969000 0.243400 10.321800 -0.080627 -0.246141 0.965875 3.142400 0.000000 0.000000 0.000000 1.000000
0.993677 0.005639 0.112136 0.000000 -0.034987 0.964563 0.261524 10.321800 -0.106687 -0.263794 0.958661 3.142400 0.000000 0.000000 0.000000 1.000000
0.992577 -0.001609 0.121604 -0.000000 -0.031409 0.962596 0.269113 10.321800 -0.117489 -0.270935 0.955401 3.142400 0.000000 0.000000 0.000000 1.000000
0.992892 -0.002848 0.118986 0.000000 -0.029414 0.962831 0.268497 10.321800 -0.115328 -0.270089 0.955904 3.142400 0.000000 0.000000 0.000000 1.000000
0.994639 -0.017685 0.101889 0.000000 -0.010619 0.962595 0.270738 10.321800 -0.102866 -0.270368 0.957246 3.142400 0.000000 0.000000 0.000000 1.000000
0.996377 -0.032534 0.078581 -0.000000 0.009842 0.961841 0.273430 10.321800 -0.084478 -0.271666 0.958677 3.142400 0.000000 0.000000 0.000000 1.000000</float_array><technique_common><accessor source="#mixamorig_Head-Matrix-animation-output-transform-array" count="22" stride="16"><param type="float4x4"/></accessor></technique_common></source><source id="mixamorig_Head-Interpolations"><Name_array id="mixamorig_Head-Interpolations-array" count="22">
 LINEAR LINEAR LINEAR LINEAR LINEAR LINEAR LINEAR LINEAR LINEAR LINEAR LINEAR
LINEAR LINEAR LINEAR LINEAR LINEAR LINEAR LINEAR LINEAR LINEAR LINEAR LINEAR</Name_array><technique_common><accessor source="#mixamorig_Head-Interpolations-array" count="22"><param type="name"/></accessor></technique_common></source><sampler id="mixamorig_Head-Matrix-animation-transform"><input semantic="INPUT" source="#mixamorig_Head-Matrix-animation-input"/><input semantic="OUTPUT" source="#mixamorig_Head-Matrix-animation-output-transform"/><input semantic="INTERPOLATION" source="#mixamorig_Head-Interpolations"/></sampler><channel source="#mixamorig_Head-Matrix-animation-transform" target="mixamorig_Head/matrix"/></animation>
    <animation id="mixamorig_LeftShoulder-anim" name="mixamorig_LeftShoulder"><source id="mixamorig_LeftShoulder-Matrix-animation-input"><float_array id="mixamorig_LeftShoulder-Matrix-animation-input-array" count="22">

0.000000 0.033333 0.066667 0.100000 0.133333 0.166667 0.200000 0.233333 0.266667 0.300000 0.333333 0.366667 0.400000 0.433333 0.466667 0.500000
0.533333 0.566667 0.600000 0.633333 0.666667 0.700000</float_array><technique_common><accessor source="#mixamorig_LeftShoulder-Matrix-animation-input-array" count="22"><param name="TIME" type="float"/></accessor></technique_common></source><source id="mixamorig_LeftShoulder-Matrix-animation-output-transform"><float_array id="mixamorig_LeftShoulder-Matrix-animation-output-transform-array" count="352">

0.985044 0.152041 -0.081064 6.105800 -0.154485 0.987685 -0.024740 9.110400 0.076304 0.036894 0.996402 0.705600 0.000000 0.000000 0.000000 1.000000
0.986334 0.150922 -0.066089 6.105800 -0.152868 0.987919 -0.025423 9.110400 0.061454 0.035179 0.997490 0.705600 0.000000 0.000000 0.000000 1.000000
0.987925 0.146145 -0.051438 6.105800 -0.147614 0.988703 -0.026010 9.110400 0.047055 0.033289 0.998337 0.705600 0.000000 0.000000 0.000000 1.000000
0.992136 0.121945 -0.028190 6.105800 -0.122692 0.992091 -0.026489 9.110400 0.024736 0.029740 0.999252 0.705600 0.000000 0.000000 0.000000 1.000000
0.996351 0.084313 -0.013287 6.105800 -0.084635 0.996078 -0.025813 9.110400 0.011059 0.026843 0.999578 0.705600 0.000000 0.000000 0.000000 1.000000
0.997435 0.067260 -0.024484 6.105800 -0.067875 0.997375 -0.025212 9.110400 0.022724 0.026810 0.999382 0.705600 0.000000 0.000000 0.000000 1.000000
0.996778 0.072372 -0.034571 6.105800 -0.073261 0.996995 -0.025167 9.110400 0.032645 0.027619 0.999085 0.705600 0.000000 0.000000 0.000000 1.000000
0.993752 0.101356 -0.046741 6.105800 -0.102614 0.994398 -0.025350 9.110400 0.043910 0.029988 0.998585 0.705600 0.000000 0.000000 0.000000 1.000000
0.989583 0.132581 -0.056109 6.105800 -0.134160 0.990635 -0.025363 9.110400 0.052221 0.032626 0.998102 0.705600 0.000000 0.000000 0.000000 1.000000
0.982201 0.173603 -0.071714 6.105800 -0.175761 0.984117 -0.024918 9.110400 0.066249 0.037079 0.997114 0.705600 0.000000 0.000000 0.000000 1.000000
0.975882 0.200185 -0.087068 6.105800 -0.202949 0.978894 -0.024053 9.110400 0.080415 0.041143 0.995912 0.705600 0.000000 0.000000 0.000000 1.000000
0.969321 0.218205 -0.113152 6.105800 -0.222035 0.974784 -0.022274 9.110400 0.105438 0.046714 0.993328 0.705600 0.000000 0.000000 0.000000 1.000000
0.965258 0.220164 -0.140733 6.105800 -0.225150 0.974112 -0.020348 9.110400 0.132609 0.051327 0.989839 0.705600 0.000000 0.000000 0.000000 1.000000
0.965830 0.208125 -0.154455 6.105800 -0.213670 0.976700 -0.020030 9.110400 0.146688 0.052349 0.987797 0.705600 0.000000 0.000000 0.000000 1.000000
0.968323 0.194208 -0.156949 6.105800 -0.199811 0.979618 -0.020594 9.110400 0.149750 0.051302 0.987392 0.705600 0.000000 0.000000 0.000000 1.000000
0.970589 0.185641 -0.153278 6.105800 -0.191054 0.981350 -0.021241 9.110400 0.146476 0.049900 0.987955 0.705600 0.000000 0.000000 0.000000 1.000000
0.972232 0.180665 -0.148747 6.105800 -0.185868 0.982334 -0.021737 9.110400 0.142192 0.048781 0.988636 0.705600 0.000000 0.000000 0.000000 1.000000
0.973972 0.175253 -0.143751 6.105800 -0.180224 0.983375 -0.022220 9.110400 0.137467 0.047549 0.989364 0.705600 0.000000 0.000000 0.000000 1.000000
0.976519 0.169190 -0.133361 6.105800 -0.173702 0.984533 -0.022873 9.110400 0.127428 0.045501 0.990804 0.705600 0.000000 0.000000 0.000000 1.000000
0.979485 0.163261 -0.118134 6.105800 -0.167132 0.985653 -0.023566 9.110400 0.112592 0.042826 0.992718 0.705600 0.000000 0.000000 0.000000 1.000000
0.981740 0.160962 -0.101381 6.105800 -0.164177 0.986135 -0.024148 9.110400 0.096089 0.040351 0.994555 0.705600 0.000000 0.000000 0.000000 1.000000
0.983896 0.157365 -0.084758 6.105800 -0.159956 0.986816 -0.024653 9.110400 0.079761 0.037814 0.996097 0.705600 0.000000 0.000000 0.000000 1.000000</float_array><technique_common><accessor source="#mixamorig_LeftShoulder-Matrix-animation-output-transform-array" count="22" stride="16"><param type="float4x4"/></accessor></technique_common></source><source id="mixamorig_LeftShoulder-Interpolations"><Name_array id="mixamorig_LeftShoulder-Interpolations-array" count="22">
 LINEAR LINEAR LINEAR LINEAR LINEAR LINEAR LINEAR LINEAR LINEAR LINEAR LINEAR
LINEAR LINEAR LINEAR LINEAR LINEAR LINEAR LINEAR LINEAR LINEAR LINEAR LINEAR</Name_array><technique_common><accessor source="#mixamorig_LeftShoulder-Interpolations-array" count="22"><param type="name"/></accessor></technique_common></source><sampler id="mixamorig_LeftShoulder-Matrix-animation-transform"><input semantic="INPUT" source="#mixamorig_LeftShoulder-Matrix-animation-input"/><input semantic="OUTPUT" source="#mixamorig_LeftShoulder-Matrix-animation-output-transform"/><input semantic="INTERPOLATION" source="#mixamorig_LeftShoulder-Interpolations"/></sampler><channel source="#mixamorig_LeftShoulder-Matrix-animation-transform" target="mixamorig_LeftShoulder/matrix"/></animation>
    <animation id="mixamorig_LeftArm-anim" name="mixamorig_LeftArm"><source id="mixamorig_LeftArm-Matrix-animation-input"><float_array id="mixamorig_LeftArm-Matrix-animation-input-array" count="22">

0.000000 0.033333 0.066667 0.100000 0.133333 0.166667 0.200000 0.233333 0.266667 0.300000 0.333333 0.366667 0.400000 0.433333 0.466667 0.500000
0.533333 0.566667 0.600000 0.633333 0.666667 0.700000</float_array><technique_common><accessor source="#mixamorig_LeftArm-Matrix-animation-input-array" count="22"><param name="TIME" type="float"/></accessor></technique_common></source><source id="mixamorig_LeftArm-Matrix-animation-output-transform"><float_array id="mixamorig_LeftArm-Matrix-animation-output-transform-array" count="352">

0.589163 0.395243 -0.704748 12.655000 -0.745040 0.603306 -0.284496 -0.265900 0.312734 0.692680 0.649917 -2.600900 0.000000 0.000000 0.000000 1.000000
0.634857 0.535941 -0.556528 12.655000 -0.749923 0.600776 -0.276919 -0.265900 0.185936 0.593157 0.783321 -2.600900 0.000000 0.000000 0.000000 1.000000
0.693075 0.633519 -0.343949 12.655000 -0.720761 0.600903 -0.345571 -0.265900 -0.012245 0.487412 0.873086 -2.600900 0.000000 0.000000 0.000000 1.000000
0.689615 0.700810 -0.182473 12.655000 -0.685182 0.549860 -0.477681 -0.265900 -0.234429 0.454444 0.859374 -2.600900 0.000000 0.000000 0.000000 1.000000
0.678263 0.724240 -0.124241 12.655000 -0.629827 0.485887 -0.605996 -0.265900 -0.378519 0.489275 0.785705 -2.600900 0.000000 0.000000 0.000000 1.000000
0.706021 0.696682 -0.127159 12.655000 -0.582607 0.469301 -0.663571 -0.265900 -0.402622 0.542578 0.737228 -2.600900 0.000000 0.000000 0.000000 1.000000
0.753325 0.630133 -0.188239 12.655000 -0.580255 0.502146 -0.641212 -0.265900 -0.309526 0.592268 0.743917 -2.600900 0.000000 0.000000 0.000000 1.000000
0.773450 0.565104 -0.287112 12.655000 -0.614023 0.555551 -0.560659 -0.265900 -0.157325 0.609935 0.776677 -2.600900 0.000000 0.000000 0.000000 1.000000
0.747102 0.513065 -0.422615 12.655000 -0.664467 0.593622 -0.453977 -0.265900 0.017954 0.619981 0.784411 -2.600900 0.000000 0.000000 0.000000 1.000000
0.704911 0.452045 -0.546586 12.655000 -0.684282 0.636251 -0.356290 -0.265900 0.186706 0.625172 0.757827 -2.600900 0.000000 0.000000 0.000000 1.000000
0.655462 0.392375 -0.645300 12.655000 -0.666600 0.702198 -0.250126 -0.265900 0.354985 0.594105 0.721821 -2.600900 0.000000 0.000000 0.000000 1.000000
0.560990 0.365455 -0.742787 12.655000 -0.652769 0.747102 -0.125425 -0.265900 0.509101 0.555230 0.657675 -2.600900 0.000000 0.000000 0.000000 1.000000
0.443345 0.359453 -0.821121 12.655000 -0.652047 0.757908 -0.020276 -0.265900 0.615045 0.544398 0.570395 -2.600900 0.000000 0.000000 0.000000 1.000000
0.346585 0.352172 -0.869398 12.655000 -0.663288 0.747382 0.038327 -0.265900 0.663270 0.563378 0.492623 -2.600900 0.000000 0.000000 0.000000 1.000000
0.302208 0.319800 -0.897997 12.655000 -0.681035 0.731580 0.031342 -0.265900 0.666980 0.602095 0.438885 -2.600900 0.000000 0.000000 0.000000 1.000000
0.307440 0.273865 -0.911306 12.655000 -0.684726 0.728701 -0.012012 -0.265900 0.660780 0.627688 0.411554 -2.600900 0.000000 0.000000 0.000000 1.000000
0.343513 0.238512 -0.908356 12.655000 -0.672876 0.737246 -0.060879 -0.265900 0.655161 0.632124 0.413742 -2.600900 0.000000 0.000000 0.000000 1.000000
0.393088 0.225051 -0.891535 12.655000 -0.665882 0.738312 -0.107222 -0.265900 0.634100 0.635804 0.440079 -2.600900 0.000000 0.000000 0.000000 1.000000
0.442286 0.239493 -0.864307 12.655000 -0.680201 0.717678 -0.149211 -0.265900 0.584559 0.653897 0.480322 -2.600900 0.000000 0.000000 0.000000 1.000000
0.483093 0.272945 -0.831939 12.655000 -0.703418 0.686776 -0.183144 -0.265900 0.521368 0.673676 0.523771 -2.600900 0.000000 0.000000 0.000000 1.000000
0.525614 0.311069 -0.791812 12.655000 -0.724053 0.652218 -0.224407 -0.265900 0.446628 0.691266 0.568045 -2.600900 0.000000 0.000000 0.000000 1.000000
0.566296 0.361789 -0.740552 12.655000 -0.743242 0.612508 -0.269119 -0.265900 0.356230 0.702810 0.615758 -2.600900 0.000000 0.000000 0.000000 1.000000</float_array><technique_common><accessor source="#mixamorig_LeftArm-Matrix-animation-output-transform-array" count="22" stride="16"><param type="float4x4"/></accessor></technique_common></source><source id="mixamorig_LeftArm-Interpolations"><Name_array id="mixamorig_LeftArm-Interpolations-array" count="22">
